N_out,P_low,P_upp
0,0.9983787168899387,1.0
1,0.9983787249052472,1.0
2,0.9982243604539485,0.9999999999646437
3,0.9980883028013506,0.9999999942759787
4,0.9979608325568969,0.9999999217153969
5,0.9978432593414297,0.9999996064433784
6,0.9539985564287818,0.9999988077104682
7,0.9437140938925388,0.9999973048457403
8,0.9401945680028693,0.9999949375629998
9,0.9387972227316422,0.9999916081118416
10,0.9382013837941962,0.999987268594998
11,0.9379634935343723,0.9999819063979888
12,0.9379149833463878,0.9999755321798477
13,0.9379843804673357,0.9999681711140986
14,0.9381376074929404,0.9999598568651945
15,0.9383560291312173,0.9999506275820161
16,0.9386278262422524,0.999940523294282
17,0.9389444377509863,0.9999295842567483
18,0.9392990370794404,0.9999178499237548
19,0.9396858570305169,0.9999053583389477
20,0.9400998772439074,0.9998921457963401
21,0.9405366685675727,0.9998782466771604
22,0.9409923055252337,0.9998636933992011
23,0.9414633084169269,0.9998485164368232
24,0.9419465984152052,0.9998327443839679
25,0.942439458813081,0.999816404042002
26,0.9429394997278602,0.9997995205204796
27,0.9434446253237757,0.9997821173431036
28,0.943953003345961,0.9997642165539671
29,0.9444630369595252,0.9997458388210049
30,0.9449733388773592,0.9997270035348386
31,0.945482707811748,0.9997077289020152
32,0.9459901071740886,0.9996880320321774
33,0.9464946458770769,0.9996679290190508
34,0.946995561173416,0.9996474350153699
35,0.9474922033424056,0.9996265643019749
36,0.9479840220388961,0.9996053303514073
37,0.9484705542496739,0.9995837458863701
38,0.9489514135563408,0.999561822933411
39,0.9494262806966242,0.999539572872222
40,0.9498948952073544,0.9995170064808929
41,0.9503570480588904,0.9994941339774732
42,0.9508125751521272,0.9994709650581513
43,0.951261351611141,0.9994475089323522
44,0.9517032867402733,0.9994237743550173
45,0.9521383195681645,0.9993997696563199
46,0.9525664149883635,0.9993755027690476
47,0.9529875602595643,0.9993509812538377
48,0.9534017620464847,0.9993262123224889
49,0.9940397589781205,0.9993012028594738
50,0.9939744412031755,0.9992759594418499
51,0.9939063793161202,0.9992504883576834
52,0.9938181815711106,0.9992247956231147
53,0.9937465089722594,0.9991988869981915
54,0.9936718738156324,0.9991727680015664
55,0.9936014467958854,0.9991464439241494
56,0.9935253247139796,0.9991199198418098
57,0.9934497194921138,0.9990932006272027
58,0.9933792868082124,0.9990662909607909
59,0.9933024706811735,0.9990391953411151
60,0.9932358509687383,0.9990119180943948
61,0.9931635343301268,0.9989844633834968
62,0.9930906277583502,0.9989568352163098
63,0.9930105560186817,0.9989290374536073
64,0.9929434353975436,0.9989010738163905
65,0.9928677011554348,0.9988729478927828
66,0.9928130616092856,0.9988446631445042
67,0.9927236082381713,0.9988162229129437
68,0.9926590605013873,0.9987876304248704
69,0.9925926836952847,0.9987588887978031
70,0.9925121480220865,0.9987300010450667
71,0.9924481284052785,0.998700970080554
72,0.9923779810261552,0.9986717987232102
73,0.9923083107735763,0.9986424897012809
74,0.9922378761334795,0.9986130456562927
75,0.9921675763505866,0.998583469146841
76,0.9920974088336025,0.9985537626521537
77,0.9920273710735567,0.9985239285754669
78,0.9919574606402115,0.9984939692472283
79,0.9918876751786386,0.9984638869281129
80,0.9918180124059439,0.9984336838118906
81,0.991748470108269,0.9984033620281603
82,0.9916790461378673,0.9983729236449106
83,0.9916097384103728,0.9983423706709798
84,0.9915405449022037,0.9983117050583797
85,0.9914714636481288,0.998280928704509
86,0.9914024927388854,0.9982500434542456
87,0.9913336303190291,0.9982190511019652
88,0.99126487458478,0.9981879533934233
89,0.9911962237820658,0.9981567520275862
90,0.9911276762045871,0.998125448658345
91,0.9910592301920333,0.9980940448961751
92,0.9909908841283692,0.9980625423096996
93,0.9909226364401742,0.9980309424271855
94,0.9908544855951062,0.9979992467379839
95,0.9907864301003809,0.9979674566938876
96,0.9907184685014019,0.9979355737104493
97,0.9906505993803622,0.9979035991682127
98,0.9905828213549693,0.9978715344139223
99,0.9905151330772156,0.9978393807616589
100,0.9904475332321845,0.9978071394939328
101,0.9903800205369284,0.9977748118627344
102,0.9903125937393988,0.9977423990905352
103,0.990245251617395,0.9977099023712462
104,0.9901779929775931,0.9976773228711464
105,0.9901108166545795,0.9976446617297586
106,0.9900437215099567,0.997611920060707
107,0.9899767064314913,0.9975790989525238
108,0.9899097703322196,0.9975461994694255
109,0.989842912149716,0.9975132226520858
110,0.9897761308452986,0.9974801695183305
111,0.9897094254032714,0.9974470410638409
112,0.9896427948302445,0.9974138382628277
113,0.9895762381544337,0.9973805620686623
114,0.9895097544250301,0.9973472134144997
115,0.9894433427115548,0.9973137932138638
116,0.9893770021032455,0.9972803023612249
117,0.9893107317085059,0.9972467417325537
118,0.9892445306543077,0.9972131121858386
119,0.9891783980856853,0.9971794145616129
120,0.9891123331651956,0.9971456496834317
121,0.9890463350724239,0.9971118183583566
122,0.9889804030035111,0.9970779213774109
123,0.9889145361706754,0.997043959516017
124,0.9888487338017785,0.9970099335344289
125,0.9887829951398723,0.9969758441781378
126,0.9887173194428079,0.9969416921782774
127,0.9886517059828293,0.9969074782519984
128,0.9885861540461632,0.996873203102839
129,0.9885206629326568,0.9968388674210932
130,0.9884552319554446,0.9968044718841521
131,0.9883898604405494,0.9967700171568251
132,0.988324547726574,0.9967355038916855
133,0.9882592931643746,0.9967009327293702
134,0.9881940961167329,0.9966663042988821
135,0.9881289559580676,0.9966316192178897
136,0.9880638720741075,0.9965968780930017
137,0.9879988438616514,0.9965620815200565
138,0.9879338707282606,0.9965272300843677
139,0.9878689520919899,0.9964923243609948
140,0.9878040873811392,0.9964573649149936
141,0.9877392760340077,0.9964223523016533
142,0.9876745174986329,0.9963872870667283
143,0.987609811232584,0.9963521697466732
144,0.9875451567026804,0.99631700086885
145,0.9874805533848452,0.9962817809517657
146,0.9874160007638106,0.996246510505246
147,0.9873514983329866,0.9962111900306719
148,0.9872870455941933,0.9961758200211409
149,0.987222642057512,0.9961404009616851
150,0.9871582872410699,0.9961049333294346
151,0.9870939806708573,0.9960694175938071
152,0.987029721880563,0.9960338542166802
153,0.986965510411396,0.9959982436525545
154,0.9869013458118967,0.9959625863487174
155,0.9868372276378051,0.9959268827454125
156,0.9867731554518658,0.995891133275979
157,0.9867091288237118,0.995855338367018
158,0.9866451473296972,0.9958194984385214
159,0.9865812105527252,0.9957836139040209
160,0.9865173180821464,0.9957476851707385
161,0.9864534695136057,0.9957117126397023
162,0.9863896644489034,0.9956756967058834
163,0.9863259024958633,0.9956396377583253
164,0.9862621832682075,0.9956035361802688
165,0.9861985063854503,0.9955673923492709
166,0.9861348714727424,0.9955312066373144
167,0.986071278160783,0.9954949794109376
168,0.9860077260857004,0.9954587110313327
169,0.9859442148889268,0.9954224018544563
170,0.9858807442171111,0.9953860522311416
171,0.9858173137219949,0.9953496625071908
172,0.9857539230603126,0.9953132330234847
173,0.9856905718937103,0.9952767641160786
174,0.985627259888625,0.9952402561162883
175,0.9855639867161976,0.9952037093507946
176,0.985500752052191,0.9951671241417293
177,0.9854375555768881,0.9951305008067582
178,0.9853743969749897,0.9950938396591735
179,0.9853112759355716,0.9950571410079837
180,0.985248192151959,0.9950204051579751
181,0.9851851453216633,0.9949836324098114
182,0.9851221351462991,0.9949468230601033
183,0.985059161331515,0.9949099774014861
184,0.9849962235869029,0.9948730957226896
185,0.984933321625923,0.9948361783086173
186,0.9848704551658646,0.9947992254404183
187,0.9848076239277277,0.9947622373955406
188,0.984744827636185,0.9947252144478202
189,0.9846820660195127,0.9946881568675341
190,0.9846193388095145,0.994651064921464
191,0.984556645741467,0.9946139388729649
192,0.984493986554039,0.9945767789820216
193,0.9844313609892642,0.9945395855053178
194,0.9843687687924499,0.994502358696278
195,0.9843062097121216,0.99446509880514
196,0.9842436834999934,0.9944278060790102
197,0.9841811899108889,0.9943904807619038
198,0.9841187287026781,0.9943531230948107
199,0.9840562996362496,0.9943157333157516
200,0.9839939024754406,0.9942783116598171
201,0.9839315369869915,0.9942408583592255
202,0.9838692029404992,0.9942033736433705
203,0.9838069001083695,0.9941658577388666
204,0.9837446282657503,0.9941283108695953
205,0.9836823871905088,0.9940907332567611
206,0.9836201766631942,0.9940531251189244
207,0.9835579964669386,0.9940154866720402
208,0.9834958463874758,0.9939778181295302
209,0.9834337262130772,0.993940119702292
210,0.9833716357344955,0.993902391598751
211,0.9833095747449312,0.9938646340249094
212,0.9832475430400078,0.9938268471843805
213,0.9831855404177141,0.9937890312784202
214,0.9831235666783615,0.993751186505974
215,0.983061621624582,0.9937133130637169
216,0.9829997050612502,0.9936754111460704
217,0.9829378167954604,0.9936374809452599
218,0.9828759566365021,0.9935995226513429
219,0.982814124395821,0.9935615364522371
220,0.9827523198869673,0.9935235225337561
221,0.9826905429255917,0.9934854810796517
222,0.9826287933293933,0.9934474122716309
223,0.9825670709180903,0.9934093162893971
224,0.9825053755133907,0.9933711933106802
225,0.9824437069389682,0.9933330435112648
226,0.9823820650204039,0.993294867065018
227,0.982320449585217,0.9932566641439318
228,0.9822588604627622,0.9932184349181208
229,0.9821972974842584,0.9931801795558888
230,0.9821357604827307,0.9931418982237262
231,0.9820742492929749,0.9931035910863528
232,0.9820127637515935,0.9930652583067484
233,0.9819513036968754,0.9930269000461458
234,0.9818898689688385,0.9929885164641058
235,0.9818284594091841,0.9929501077185066
236,0.9817670748612877,0.9929116739655773
237,0.9817057151701251,0.9928732153599159
238,0.9816443801823059,0.9928347320545379
239,0.9815830697460245,0.9927962242008685
240,0.9815217837110489,0.9927576919487805
241,0.98146052192866,0.9927191354466087
242,0.9813992842516854,0.9926805548411931
243,0.9813380705344429,0.99264195027787
244,0.9812768806327227,0.9926033219005127
245,0.9812157144037797,0.9925646698515481
246,0.9811545717062895,0.9925259942719725
247,0.9810934524003772,0.9924872953013827
248,0.9810323563475057,0.992448573077969
249,0.9809712834105724,0.9924098277385852
250,0.9809102334538011,0.9923710594187041
251,0.9808492063427435,0.9923322682524832
252,0.9807882019443039,0.9922934543727745
253,0.9807272201266726,0.9922546179111161
254,0.9806662607593077,0.9922157589977786
255,0.9806053237129648,0.9921768777617809
256,0.9805444088596118,0.9921379743308825
257,0.9804835160724894,0.9920990488316369
258,0.9804226452260286,0.9920601013893657
259,0.980361796195856,0.9920211321282115
260,0.9803009688588007,0.9919821411711408
261,0.9802401630928489,0.9919431286399478
262,0.980179378777137,0.9919040946552861
263,0.9801186157919386,0.9918650393366781
264,0.9800578740186647,0.9918259628025304
265,0.9799971533398079,0.9917868651701378
266,0.9799364536389716,0.9917477465557221
267,0.9798757748008425,0.991708607074421
268,0.9798151167111521,0.9916694468403101
269,0.9797544792567029,0.9916302659664293
270,0.9796938623253217,0.9915910645647746
271,0.9796332658058602,0.9915518427463295
272,0.9795726895881933,0.9915126006210706
273,0.9795121335631912,0.9914733382979732
274,0.9794515976226918,0.9914340558850332
275,0.9793910816595317,0.9913947534892871
276,0.979330585567481,0.9913554312167999
277,0.9792701092412864,0.9913160891727075
278,0.9792096525766282,0.9912767274611963
279,0.9791492154700786,0.9912373461855335
280,0.9790887978191605,0.9911979454480939
281,0.9790283995223066,0.9911585253503333
282,0.9789680204787952,0.9911190859928148
283,0.9789076605888205,0.9910796274752506
284,0.9788473197534461,0.9910401498964657
285,0.9787869978745821,0.9910006533544297
286,0.9787266948549947,0.9909611379462737
287,0.9786664105982845,0.9909216037682891
288,0.9786061450088791,0.990882050915944
289,0.9785458979920385,0.9908424794838918
290,0.9784856694538149,0.990802889565972
291,0.9784254593010707,0.9907632812552375
292,0.9783652674414489,0.9907236546439475
293,0.9783050937833752,0.9906840098235892
294,0.9782449382360585,0.9906443468848797
295,0.9781848007094397,0.9906046659177694
296,0.9781246811142532,0.990564967011476
297,0.978064579361951,0.9905252502544516
298,0.978004495364727,0.9904855157344308
299,0.9779444290354942,0.9904457635384193
300,0.9778843802878976,0.9904059937527113
301,0.9778243490362843,0.9903662064628855
302,0.9777643351957187,0.9903264017538246
303,0.9777043386819223,0.9902865797097111
304,0.9776443594113438,0.9902467404140647
305,0.9775843973010874,0.9902068839497049
306,0.9775244522689368,0.9901670103987955
307,0.9774645242333336,0.9901271198428344
308,0.9774046131133803,0.9900872123626685
309,0.9773447188288213,0.9900472880384954
310,0.9772848413000484,0.9900073469498771
311,0.9772249804480782,0.9899673891757398
312,0.97716513619456,0.98992741479439
313,0.977105308461774,0.9898874238835118
314,0.977045497172587,0.9898474165201732
315,0.9769857022504973,0.9898073927808511
316,0.9769259236195839,0.989767352741411
317,0.9768661612045357,0.9897272964771371
318,0.9768064149306125,0.9896872240627195
319,0.9767466847236713,0.9896471355722776
320,0.9766869705101208,0.9896070310793498
321,0.9766272722169591,0.98956691065692
322,0.9765675897717222,0.9895267743774
323,0.9765079231025324,0.989486622312661
324,0.9764482721380404,0.989446454534008
325,0.9763886368074318,0.9894062711122159
326,0.9763290170404566,0.989366072117528
327,0.9762694127673757,0.9893258576196418
328,0.976209823918988,0.9892856276877409
329,0.9761502504266075,0.9892453823904829
330,0.976090692222056,0.989205121796015
331,0.9760311492376929,0.9891648459719795
332,0.9759716214063474,0.9891245549854982
333,0.9759121086613696,0.9890842489032162
334,0.9758526109366058,0.9890439277912721
335,0.9757931281663703,0.9890035917153156
336,0.9757336602854836,0.9889632407405254
337,0.9756742072292373,0.9889228749315894
338,0.9756147689334036,0.9888824943527266
339,0.9755553453342032,0.9888420990676842
340,0.9754959363683311,0.9888016891397577
341,0.9754365419729688,0.9887612646317786
342,0.9753771620857221,0.9887208256061072
343,0.9753177966446401,0.9886803721246737
344,0.9752584455882436,0.9886399042489667
345,0.9751991088554918,0.9885994220400192
346,0.9751397863857594,0.9885589255584291
347,0.9750804781188706,0.9885184148643761
348,0.9750211839950829,0.9884778900176017
349,0.9749619039550658,0.9884373510774216
350,0.9749026379399103,0.9883967981027391
351,0.9748433858911292,0.9883562311520415
352,0.9747841477506376,0.9883156502834022
353,0.9747249234607702,0.9882750555544927
354,0.9746657129642518,0.9882344470225741
355,0.974606516204217,0.9881938247445179
356,0.9745473331241893,0.9881531887767929
357,0.9744881636680952,0.9881125391754817
358,0.9744290077802223,0.9880718759962723
359,0.9743698654052798,0.9880311992944856
360,0.9743107364883458,0.9879905091250395
361,0.9742516209748465,0.9879498055424832
362,0.9741925188106157,0.98790908860101
363,0.974133429941839,0.9878683583544235
364,0.974074354315075,0.9878276148561728
365,0.9740152918772409,0.9877868581593399
366,0.9739562425756224,0.9877460883166514
367,0.9738972063578545,0.9877053053804724
368,0.9738381831719154,0.98766450940282
369,0.9737791729661579,0.9876237004353681
370,0.9737201756892463,0.9875828785294302
371,0.9736611912902102,0.9875420437359982
372,0.9736022197184266,0.9875011961057111
373,0.9735432609235795,0.9874603356888672
374,0.9734843148557064,0.9874194625354501
375,0.9734253814651757,0.9873785766951012
376,0.9733664607026854,0.987337678217135
377,0.9733075525192297,0.9872967671505399
378,0.9732486568661631,0.9872558435440019
379,0.973189773695128,0.9872149074458644
380,0.9731309029580991,0.9871739589041748
381,0.973072044607357,0.9871329979666581
382,0.9730131985954896,0.9870920246807336
383,0.9729543648753981,0.9870510390935161
384,0.9728955434002824,0.9870100412518126
385,0.9728367341236418,0.9869690312021325
386,0.9727779369992744,0.9869280089906884
387,0.9727191519812858,0.9868869746633964
388,0.9726603790240588,0.9868459282658735
389,0.9726016180822714,0.986804869843456
390,0.9725428691108994,0.9867637994411889
391,0.9724841320651941,0.9867227171038274
392,0.9724254069006943,0.9866816228758494
393,0.972366693573194,0.9866405168014496
394,0.9723079920388153,0.9865993989245614
395,0.9722493022539087,0.9865582692888113
396,0.9721906241751246,0.986517127937583
397,0.9721319577593702,0.9864759749139719
398,0.9720733029638338,0.986434810260815
399,0.9720146597459683,0.9863936340206754
400,0.9719560280634569,0.9863524462358532
401,0.9718974078743031,0.9863112469484088
402,0.9718387991367122,0.9862700362001066
403,0.9717802018091866,0.9862288140324897
404,0.971721615850459,0.9861875804868231
405,0.9716630412195344,0.9861463356041329
406,0.9716044778756462,0.9861050794251842
407,0.9715459257782927,0.9860638119905066
408,0.9714873848872077,0.9860225333403747
409,0.9714288551623809,0.9859812435148246
410,0.9713703365640335,0.9859399425536441
411,0.9713118290526129,0.9858986304963878
412,0.971253332588851,0.9858573073823808
413,0.9711948471336656,0.9858159732506835
414,0.9711363726482317,0.9857746281401542
415,0.9710779090939518,0.9857332720894041
416,0.9710194564324583,0.9856919051368178
417,0.9709610146256114,0.9856505273205527
418,0.9709025836354964,0.9856091386785393
419,0.9708441634244218,0.985567739248485
420,0.9707857539549397,0.9855263290678761
421,0.9707273551897792,0.9854849081739643
422,0.9706689670919262,0.9854434766038108
423,0.9706105896245651,0.9854020343942358
424,0.9705522227510999,0.9853605815818557
425,0.9704938664351536,0.9853191182030717
426,0.9704355206405342,0.9852776442940688
427,0.9703771853313092,0.9852361598908401
428,0.9703188604717156,0.9851946650291387
429,0.9702605460262035,0.9851531597445355
430,0.9702022419594258,0.9851116440723933
431,0.970143948236262,0.9850701180478719
432,0.970085664821751,0.9850285817059163
433,0.9700273916811851,0.9849870350812971
434,0.9699691287799926,0.9849454782085534
435,0.9699108760838608,0.9849039111220667
436,0.9698526335586234,0.9848623338559845
437,0.9697944011703373,0.9848207464442914
438,0.9697361788852253,0.9847791489207611
439,0.9696779666697427,0.9847375413189934
440,0.969619764490483,0.9846959236723728
441,0.9695615723142755,0.9846542960141286
442,0.9695033901080901,0.9846126583772725
443,0.9694452178391136,0.9845710107946619
444,0.9693870554747007,0.9845293532989499
445,0.9693289029823985,0.9844876859226173
446,0.9692707603299272,0.9844460086979584
447,0.9692126274851847,0.9844043216570928
448,0.9691545044162615,0.984362624831964
449,0.9690963910913846,0.984320918254329
450,0.9690382874790077,0.9842792019557957
451,0.9689801935477242,0.9842374759677655
452,0.9689221092663066,0.9841957403214894
453,0.9688640346037103,0.9841539950480427
454,0.9688059695290357,0.9841122401783242
455,0.9687479140115732,0.9840704757430793
456,0.9686898680207752,0.9840287017728734
457,0.9686318315262432,0.9839869182981091
458,0.9685738044977773,0.9839451253490351
459,0.9685157869053065,0.983903322955715
460,0.9684577787189425,0.9838615111480733
461,0.9683997799089403,0.983819689955859
462,0.9683417904457366,0.9837778594086742
463,0.9682838102999102,0.983736019535948
464,0.9682258394422036,0.9836941703669622
465,0.9681678778434997,0.9836523119308395
466,0.968109925474873,0.983610444256557
467,0.9680519823075042,0.9835685673729146
468,0.9679940483127731,0.9835266813085911
469,0.9679361234621668,0.9834847860920828
470,0.967878207727357,0.983442881751765
471,0.9678203010801437,0.9834009683158413
472,0.9677624034924915,0.9833590458123806
473,0.9677045149364831,0.9833171142692948
474,0.9676466353843961,0.9832751737143679
475,0.9675887648085891,0.9832332241752078
476,0.9675309031816306,0.9831912656793197
477,0.9674730504761838,0.9831492982540239
478,0.9674152066650735,0.983107321926529
479,0.9673573717212536,0.9830653367238913
480,0.9672995456178315,0.9830233426730339
481,0.9672417283280468,0.9829813398007332
482,0.9671839198252686,0.9829393281336315
483,0.9671261200830257,0.98289730769824
484,0.9670683290749627,0.9828552785209195
485,0.9670105467748483,0.9828132406279083
486,0.9669527731566203,0.9827711940453189
487,0.9668950081943257,0.9827291387991068
488,0.9668372518621229,0.9826870749151126
489,0.9667795041343584,0.9826450024190578
490,0.966721764985453,0.9826029213364975
491,0.9666640343899887,0.982560831692894
492,0.9666063123226529,0.9825187335135599
493,0.9665485987582818,0.9824766268236964
494,0.9664908936718265,0.9824345116483635
495,0.9664331970383694,0.9823923880125034
496,0.9663755088331001,0.9823502559409301
497,0.9663178290313695,0.9823081154583452
498,0.9662601576086011,0.9822659665893025
499,0.9662024945403765,0.9822238093582678
500,0.9661448398023844,0.9821816437895605
501,0.9660871933704522,0.98213946990739
502,0.9660295552204943,0.9820972877358343
503,0.9659719253285658,0.9820550972988731
504,0.9659143036708361,0.9820128986203547
505,0.9658566902235846,0.9819706917240126
506,0.9657990849632211,0.9819284766334682
507,0.9657414878662552,0.981886253372218
508,0.9656838989093277,0.9818440219636555
509,0.9656263180691727,0.9818017824310479
510,0.9655687453226448,0.9817595347975636
511,0.965511180646729,0.9817172790862537
512,0.9654536240184973,0.9816750153200461
513,0.9653960754151352,0.9816327435217733
514,0.9653385348139618,0.9815904637141571
515,0.9652810021923709,0.9815481759197934
516,0.9652234775278881,0.9815058801611931
517,0.9651659607981483,0.9814635764607433
518,0.9651084519808685,0.9814212648407239
519,0.9650509510539155,0.9813789453233238
520,0.9649934579952023,0.9813366179305987
521,0.9649359727828055,0.9812942826845377
522,0.9648784953948661,0.9812519396069873
523,0.9648210258096582,0.9812095887197168
524,0.9647635640055222,0.9811672300443731
525,0.9647061099609435,0.9811248636025246
526,0.9646486636544754,0.9810824894156105
527,0.9645912250647798,0.9810401075049909
528,0.9645337941706351,0.9809977178919211
529,0.9644763709508919,0.9809553205975454
530,0.9644189553845285,0.9809129156429283
531,0.9643615474505896,0.9808705030490156
532,0.9643041471282592,0.9808280828366774
533,0.9642467543967653,0.9807856550266595
534,0.9641893692354808,0.9807432196396455
535,0.9641319916238598,0.9807007766961924
536,0.9640746215414242,0.9806583262167703
537,0.9640172589678254,0.9806158682217738
538,0.9639599038827923,0.9805734027314805
539,0.9639025562661494,0.9805309297660847
540,0.9638452160978129,0.9804884493456876
541,0.9637878833577938,0.980445961490298
542,0.9637305580261869,0.980403466219832
543,0.9636732400832013,0.9803609635541195
544,0.9636159295091066,0.980318453512885
545,0.963558626284267,0.9802759361157826
546,0.963501330389154,0.9802334113823743
547,0.9634440418043037,0.9801908793321216
548,0.963386760510373,0.9801483399844131
549,0.9633294864880633,0.980105793358529
550,0.9632722197182103,0.9800632394736907
551,0.9632149601816852,0.9800206783490019
552,0.963157707859484,0.979978110003514
553,0.9631004627326893,0.9799355344561678
554,0.9630432247824279,0.9798929517258174
555,0.9629859939899524,0.9798503618312611
556,0.9629287703365719,0.9798077647911841
557,0.962871553803706,0.9797651606242082
558,0.9628143443728313,0.9797225493488533
559,0.9627571420255135,0.9796799309835744
560,0.9626999467434034,0.97963730554674
561,0.962642758508236,0.9795946730566364
562,0.9625855773018249,0.9795520335314655
563,0.9625284031060525,0.9795093869893513
564,0.9624712359029015,0.9794667334483458
565,0.9624140756744171,0.9794240729264074
566,0.962356922402717,0.979381405441428
567,0.9622997760700248,0.9793387310112245
568,0.9622426366586085,0.9792960496535175
569,0.9621855041508521,0.9792533613859735
570,0.9621283785291658,0.9792106662261556
571,0.9620712597760916,0.9791679641915846
572,0.9620141478741963,0.9791252552996681
573,0.9619570428061546,0.9790825395677732
574,0.9618999445547092,0.9790398170131694
575,0.9618428531026639,0.9789970876530567
576,0.9617857684329221,0.9789543515045704
577,0.961728690528441,0.9789116085847542
578,0.9616716193722524,0.9788688589105929
579,0.9616145549474621,0.9788261024989972
580,0.9615574972372476,0.9787833393668043
581,0.9615004462248693,0.9787405695307805
582,0.9614434018936515,0.9786977930076126
583,0.9613863642269692,0.9786550098139225
584,0.9613293332083038,0.9786122199662738
585,0.9612723088211788,0.9785694234811373
586,0.96121529104922,0.9785266203749322
587,0.9611582798760703,0.9784838106639854
588,0.9611012752854766,0.9784409943645921
589,0.961044277261272,0.9783981714929546
590,0.9609872857872999,0.9783553420651939
591,0.9609303008475365,0.9783125060974044
592,0.9608733224259817,0.978269663605567
593,0.960816350506707,0.9782268146056273
594,0.9607593850738766,0.9781839591134599
595,0.9607024261116824,0.9781410971448558
596,0.9606454736044217,0.9780982287155663
597,0.9605885275364255,0.9780553538412506
598,0.9605315878920972,0.9780124725375241
599,0.9604746546559206,0.9779695848199328
600,0.9604177278124233,0.9779266907039474
601,0.9603608073462025,0.9778837902049897
602,0.9603038932419342,0.9778408833384125
603,0.9602469854843296,0.977797970119496
604,0.9601900840581904,0.9777550505634764
605,0.9601331889483592,0.9777121246855092
606,0.9600763001397633,0.9776691925007015
607,0.960019417617365,0.9776262540240838
608,0.9599625413661822,0.9775833092706433
609,0.9599056713713535,0.9775403582553103
610,0.959848807617998,0.9774974009929137
611,0.9597919500913547,0.9774544374982768
612,0.9597350987766939,0.977411467786122
613,0.9596782536593539,0.9773684918711317
614,0.9596214147247314,0.9773255097679239
615,0.9595645819582843,0.9772825214910571
616,0.9595077553455053,0.9772395270550304
617,0.9594509348719982,0.9771965264743014
618,0.9593941205233713,0.9771535197632323
619,0.9593373122853202,0.9771105069361654
620,0.9592805101435775,0.9770674880073646
621,0.9592237140839501,0.9770244629910511
622,0.9591669240923085,0.9769814319013774
623,0.959110140154544,0.9769383947524353
624,0.9590533622566327,0.9768953515582847
625,0.9589965903846097,0.9768523023329094
626,0.9589398245245465,0.9768092470902366
627,0.9588830646625828,0.9767661858441505
628,0.9588263107849097,0.9767231186084725
629,0.9587695628777608,0.976680045396971
630,0.9587128209274537,0.976636966223368
631,0.9586560849203221,0.9765938811013131
632,0.9585993548427753,0.9765507900444257
633,0.9585426306812824,0.9765076930662591
634,0.9584859124223445,0.9764645901803074
635,0.9584292000525368,0.9764214814000274
636,0.9583724935584633,0.9763783667388084
637,0.9583157929268048,0.9763352462100034
638,0.9582590981442792,0.9762921198268976
639,0.9582024091976545,0.9762489876027339
640,0.9581457260737439,0.9762058495507053
641,0.9580890487594479,0.9761627056839576
642,0.9580323772416738,0.9761195560155611
643,0.9579757115073947,0.9760764005585664
644,0.9579190515436508,0.9760332393259623
645,0.9578623973375034,0.9759900723306764
646,0.9578057488760711,0.9759468995856071
647,0.9577491061465537,0.9759037211035978
648,0.9576924691361516,0.9758605368974199
649,0.957635837832142,0.9758173469798311
650,0.9575792122218509,0.9757741513635201
651,0.9575225922926421,0.9757309500611268
652,0.9574659780319288,0.9756877430852513
653,0.957409369427181,0.9756445304484445
654,0.9573527664659024,0.9756013121632028
655,0.9572961691356715,0.9755580882419866
656,0.9572395774240721,0.9755148586971886
657,0.957182991318764,0.9754716235411839
658,0.9571264108074609,0.9754283827862809
659,0.9570698358778873,0.9753851364447377
660,0.9570132665178344,0.975341884528789
661,0.9569567027151648,0.9752986270506109
662,0.9569001444577365,0.975255364022315
663,0.9568435917334739,0.9752120954560033
664,0.9567870445303682,0.9751688213637175
665,0.9567305028364241,0.97512554175744
666,0.956673966639719,0.9750822566491293
667,0.9566174359283445,0.9750389660506809
668,0.9565609106904589,0.9749956699739668
669,0.9565043909142463,0.974952368430799
670,0.9564478765879639,0.9749090614329591
671,0.956391367699877,0.9748657489921637
672,0.9563348642383054,0.9748224311201124
673,0.9562783661916422,0.9747791078284526
674,0.956221873548276,0.9747357791287675
675,0.9561653862966617,0.9746924450326323
676,0.9561089044253032,0.9746491055515615
677,0.9560524279227463,0.9746057606970243
678,0.9559959567775372,0.9745624104804465
679,0.9559394909783298,0.9745190549132425
680,0.9558830305137771,0.9744756940067394
681,0.9558265753725732,0.9744323277722506
682,0.9557701255434708,0.9743889562210504
683,0.9557136810152569,0.9743455793643595
684,0.9556572417767515,0.9743021972133623
685,0.955600807816814,0.9742588097792081
686,0.9555443791243786,0.9742154170730064
687,0.9554879556883632,0.9741720191058031
688,0.9554315374977768,0.9741286158886437
689,0.9553751245416232,0.9740852074324974
690,0.9553187168089784,0.974041793748326
691,0.9552623142889535,0.9739983748470284
692,0.955205916970682,0.9739549507394683
693,0.9551495248433495,0.9739115214364807
694,0.9550931378961744,0.973868086948855
695,0.9550367561184312,0.9738246472873441
696,0.9549803794993899,0.9737812024626509
697,0.9549240080284164,0.9737377524854708
698,0.9548676416948645,0.9736942973664191
699,0.9548112804881465,0.9736508371161107
700,0.9547549243977201,0.9736073717451069
701,0.9546985734130636,0.9735639012639262
702,0.954642227523699,0.973520425683062
703,0.9545858867191962,0.9734769450129663
704,0.9545295509891372,0.9734334592640461
705,0.9544732203231677,0.9733899684466896
706,0.9544168947109426,0.9733464725712287
707,0.9543605741421971,0.9733029716479799
708,0.9543042586066426,0.97325946568719
709,0.9542479480940563,0.973215954699115
710,0.9541916425942796,0.9731724386939519
711,0.9541353420971328,0.9731289176818426
712,0.9540790465925101,0.9730853916729345
713,0.9540227560703419,0.9730418606773111
714,0.9539664705205634,0.9729983247050215
715,0.9539101899331733,0.9729547837661006
716,0.9538539142981913,0.9729112378705277
717,0.9537976436056851,0.9728676870282591
718,0.9537413778457274,0.9728241312492055
719,0.9536851170084678,0.9727805705432649
720,0.9536288610840452,0.9727370049202707
721,0.9535726100626656,0.9726934343900547
722,0.9535163639345585,0.9726498589623905
723,0.9534601226899804,0.9726062786470262
724,0.9534038863192262,0.9725626934536808
725,0.9533476548126274,0.9725191033920362
726,0.9532914281605316,0.9724755084717401
727,0.9532352063533499,0.9724319087024178
728,0.9531789893814943,0.9723883040936405
729,0.9531227772354309,0.9723446946549699
730,0.9530665699056536,0.9723010803959199
731,0.9530103673826881,0.972257461325975
732,0.9529541696570784,0.972213837454588
733,0.9528979767194027,0.9721702087911902
734,0.9528417885603088,0.9721265753451784
735,0.95278560517042,0.9720829371258914
736,0.9527294265404437,0.9720392941426765
737,0.9526732526610711,0.9719956464048125
738,0.9526170835230612,0.9719519939215798
739,0.9525609191171838,0.9719083367022032
740,0.9525047594342353,0.971864674755889
741,0.9524486044650683,0.9718210080918178
742,0.9523924542005582,0.9717773367191197
743,0.9523363086315699,0.9717336606469016
744,0.9522801677490613,0.971689979884268
745,0.9522240315439823,0.9716462944402484
746,0.9521679000073214,0.9716026043238711
747,0.9521117731300921,0.9715589095441257
748,0.9520556509033545,0.9715152101099782
749,0.9519995333181642,0.9714715060303514
750,0.9519434203656504,0.9714277973141635
751,0.9518873120369453,0.9713840839702711
752,0.951831208323213,0.9713403660075215
753,0.9517751092156469,0.9712966434347303
754,0.9517190147054555,0.9712529162606834
755,0.9516629247839216,0.9712091844941498
756,0.9516068394423005,0.9711654481438348
757,0.9515507586719238,0.9711217072184569
758,0.9514946824641094,0.9710779617266716
759,0.9514386108102277,0.9710342116771358
760,0.9513825437016868,0.9709904570784615
761,0.9513264811298984,0.9709466979392259
762,0.9512704230863007,0.9709029342679949
763,0.9512143695623995,0.9708591660733085
764,0.9511583205496779,0.9708153933636503
765,0.9511022760396816,0.9707716161475117
766,0.9510462360239723,0.9707278344333328
767,0.9509902004941253,0.9706840482295336
768,0.9509341694417639,0.9706402575445168
769,0.9508781428585199,0.970596462386644
770,0.9508221207360742,0.9705526627642621
771,0.9507661030661293,0.970508858685676
772,0.9507100898403881,0.9704650501591667
773,0.9506540810506003,0.9704212371930088
774,0.9505980766885609,0.9703774197954349
775,0.9505420767460562,0.970333597974638
776,0.950486081214912,0.9702897717388105
777,0.9504300900869779,0.9702459410961083
778,0.9503741033541432,0.9702021060546636
779,0.9503181210083281,0.9701582666225727
780,0.95026214304143,0.970114422807902
781,0.9502061694454284,0.9700705746187284
782,0.9501502002122927,0.9700267220630616
783,0.9500942353340434,0.9699828651489116
784,0.9500382748026982,0.969939003884245
785,0.9499823186103198,0.9698951382770232
786,0.9499263667490058,0.9698512683351683
787,0.9498704192108489,0.9698073940665705
788,0.9498144759879837,0.9697635154791162
789,0.9497585370725588,0.9697196325806553
790,0.9497026024567711,0.9696757453790203
791,0.9496466721328192,0.9696318538820028
792,0.949590746092938,0.9695879580973854
793,0.9495348243293761,0.9695440580329188
794,0.9494789068344126,0.9695001536963366
795,0.9494229936003595,0.9694562450953437
796,0.94936708461954,0.9694123322376151
797,0.9493111798842848,0.9693684151308111
798,0.9492552793869935,0.9693244937825792
799,0.9491993831200664,0.9692805682005116
800,0.9491434910759021,0.9692366383921934
801,0.9490876032469708,0.9691927043652036
802,0.9490317196257151,0.9691487661270639
803,0.9489758402046485,0.9691048236853093
804,0.9489199649762763,0.9690608770474174
805,0.9488640939331299,0.9690169262208649
806,0.9488082270677827,0.968972971213104
807,0.9487523643728087,0.9689290120315498
808,0.9486965058408305,0.9688850486836107
809,0.9486406514644511,0.9688410811766535
810,0.9485848012363471,0.9687971095180539
811,0.9485289551491695,0.9687531337151277
812,0.9484731131956289,0.9687091537752028
813,0.9484172753684356,0.9686651697055577
814,0.9483614416603467,0.9686211815134659
815,0.9483056120640987,0.9685771892061606
816,0.9482497865724936,0.9685331927908835
817,0.9481939651783318,0.9684891922748236
818,0.948138147874446,0.9684451876651643
819,0.9480823346536925,0.9684011789690603
820,0.9480265255089151,0.9683571661936431
821,0.9479707204330432,0.9683131493460475
822,0.9479149194189617,0.9682691284333396
823,0.9478591224596216,0.9682251034626136
824,0.9478033295479658,0.9681810744409082
825,0.9477475406769907,0.968137041375263
826,0.9476917558396905,0.9680930042726738
827,0.9476359750290719,0.9680489631401309
828,0.9475801982381913,0.9680049179846104
829,0.947524425460097,0.9679608688130473
830,0.9474686566878856,0.9679168156323759
831,0.9474128919146458,0.9678727584494904
832,0.9473571311335187,0.9678286972712848
833,0.9473013743376371,0.9677846321046102
834,0.9472456215201465,0.9677405629563169
835,0.9471898726742667,0.9676964898332417
836,0.947134127793184,0.9676524127421616
837,0.9470783868701191,0.9676083316898723
838,0.9470226498983294,0.9675642466831391
839,0.9469669168710658,0.9675201577286949
840,0.9469111877816159,0.967476064833273
841,0.9468554626232978,0.9674319680035733
842,0.9467997413894256,0.9673878672462697
843,0.9467440240733374,0.9673437625680319
844,0.9466883106683974,0.9672996539755084
845,0.9466326011679993,0.9672555414753231
846,0.9465768955655424,0.9672114250740722
847,0.9465211938544339,0.967167304778344
848,0.9464654960281244,0.9671231805947152
849,0.9464098020800714,0.9670790525297253
850,0.9463541120037547,0.9670349205899048
851,0.9462984257926852,0.9669907847817616
852,0.9462427434403553,0.9669466451117766
853,0.9461870649403076,0.966902501586439
854,0.9461313902861026,0.9668583542121969
855,0.9460757194713172,0.9668142029954784
856,0.9460200524895255,0.9667700479426965
857,0.9459643893343416,0.966725889060261
858,0.9459087299994088,0.9666817263545474
859,0.9458530744783554,0.9666375598319046
860,0.9457974227648573,0.9665933894986878
861,0.9457417748525939,0.9665492153612123
862,0.9456861307352764,0.9665050374257866
863,0.9456304904066115,0.9664608556986909
864,0.9455748538603364,0.9664166701862037
865,0.9455192210902007,0.9663724808945763
866,0.9454635920899898,0.9663282878300464
867,0.9454079668534998,0.966284090998821
868,0.9453523453745211,0.9662398904070936
869,0.9452967276468858,0.9661956860610588
870,0.9452411136644508,0.9661514779668745
871,0.9451855034210479,0.966107266130676
872,0.9451298969105901,0.9660630505586134
873,0.9450742941269503,0.9660188312567717
874,0.9450186950640549,0.965974608231261
875,0.9449630997158267,0.9659303814881476
876,0.9449075080762077,0.9658861510334962
877,0.9448519201391733,0.9658419168733522
878,0.9447963358987098,0.9657976790137324
879,0.9447407553487953,0.9657534374606411
880,0.9446851784834622,0.965709192220085
881,0.9446296052967397,0.9656649432980245
882,0.9445740357826694,0.9656206907004202
883,0.9445184699353203,0.9655764344332172
884,0.944462907748798,0.9655321745023374
885,0.9444073492171544,0.965487910913671
886,0.944351794334548,0.9654436436731441
887,0.9442962430950813,0.965399372786598
888,0.944240695492922,0.9653550982599131
889,0.9441851515222248,0.9653108200989166
890,0.944129611177175,0.9652665383094411
891,0.9440740744519622,0.9652222528972925
892,0.9440185413408105,0.9651779638682695
893,0.9439630118379395,0.9651336712281409
894,0.9439074859375943,0.9650893749826742
895,0.9438519636340399,0.9650450751376151
896,0.9437964449215501,0.9650007716986899
897,0.9437409297944169,0.9649564646716137
898,0.9436854182469518,0.9649121540620852
899,0.9436299102734818,0.9648678398757837
900,0.9435744058683444,0.964823522118374
901,0.9435189050258762,0.9647792007955077
902,0.9434634077404757,0.9647348759128339
903,0.9434079140065107,0.9646905474759525
904,0.9433524238183953,0.9646462154904806
905,0.943296937170537,0.9646018799619985
906,0.943241454057373,0.9645575408960874
907,0.9431859744733385,0.9645131982983011
908,0.9431304984129089,0.9644688521741926
909,0.9430750258705477,0.9644245025292807
910,0.94301955684077,0.964380149369089
911,0.9429640913180628,0.9643357926990992
912,0.9429086292969545,0.9642914325248099
913,0.9428531707719903,0.9642470688516849
914,0.9427977157377068,0.9642027016851723
915,0.942742264188674,0.9641583310307222
916,0.9426868161194785,0.9641139568937571
917,0.9426313715247301,0.9640695792796825
918,0.9425759303990051,0.9640251981938834
919,0.9425204927369544,0.9639808136417656
920,0.9424650585332119,0.9639364256286761
921,0.9424096277824233,0.9638920341599714
922,0.9423542004792613,0.9638476392409939
923,0.942298776618414,0.9638032408770643
924,0.9422433561945732,0.963758839073487
925,0.9421879392024504,0.9637144338355601
926,0.9421325256367703,0.9636700251685636
927,0.9420771154922751,0.9636256130777644
928,0.9420217087637036,0.9635811975684127
929,0.9419663054458423,0.9635367786457572
930,0.9419109055334578,0.9634923563150082
931,0.9418555090213612,0.9634479305813867
932,0.9418001159043413,0.9634035014500778
933,0.9417447261772346,0.9633590689262788
934,0.9416893398348787,0.9633146330151486
935,0.9416339568721086,0.9632701937218421
936,0.941578577283805,0.9632257510515118
937,0.9415232010648291,0.9631813050092731
938,0.9414678282100709,0.9631368556002532
939,0.9414124587144583,0.963092402829553
940,0.9413570925728844,0.9630479467022433
941,0.94130172978029,0.9630034872234166
942,0.9412463703316117,0.9629590243981263
943,0.9411910142218177,0.9629145582314264
944,0.9411356614458747,0.962870088728343
945,0.9410803119987637,0.9628256158939006
946,0.9410249658754756,0.96278113973311
947,0.9409696230710248,0.9627366602509703
948,0.9409142835804599,0.962692177452461
949,0.9408589473987683,0.9626476913425318
950,0.9408036145210352,0.9626032019261752
951,0.9407482849423094,0.9625587092083079
952,0.9406929586576724,0.9625142131938696
953,0.9406376356621997,0.9624697138877736
954,0.9405823159510098,0.9624252112949329
955,0.9405269995191913,0.9623807054202268
956,0.940471686361879,0.9623361962685524
957,0.9404163764742223,0.9622916838447703
958,0.9403610698513584,0.962247168153726
959,0.9403057664884628,0.9622026492002713
960,0.9402504663806958,0.9621581269892266
961,0.9401951695232582,0.9621136015254211
962,0.9401398759113395,0.9620690728136488
963,0.9400845855401667,0.9620245408587104
964,0.9400292984049438,0.9619800056653753
965,0.9399740145009295,0.9619354672384268
966,0.9399187338233567,0.9618909255826043
967,0.9398634563675015,0.9618463807026639
968,0.9398081821286313,0.9618018326033259
969,0.9397529111020261,0.9617572812893134
970,0.9396976432829939,0.9617127267653386
971,0.9396423786668313,0.9616681690360884
972,0.939587117248873,0.9616236081062561
973,0.9395318590244456,0.9615790439805035
974,0.9394766039888958,0.9615344766634948
975,0.9394213521375856,0.9614899061598768
976,0.9393661034658668,0.9614453324742812
977,0.9393108579691366,0.961400755611346
978,0.9392556156427917,0.9613561755756703
979,0.9392003764822222,0.9613115923718517
980,0.9391451404828556,0.96126700600449
981,0.9390899076401018,0.9612224164781541
982,0.9390346779494315,0.9611778237974222
983,0.9389794514062528,0.9611332279668255
984,0.9389242280060583,0.9610886289909382
985,0.9388690077443088,0.9610440268742688
986,0.9388137906164897,0.9609994216213469
987,0.9387585766181065,0.9609548132366806
988,0.9387033657446505,0.9609102017247603
989,0.9386481579916501,0.9608655870900837
990,0.9385929533546227,0.9608209693371189
991,0.9385377518291317,0.9607763484703391
992,0.9384825534107121,0.9607317244941792
993,0.9384273580949273,0.9606870974130941
994,0.9383721658773567,0.9606424672315137
995,0.9383169767535898,0.9605978339538539
996,0.9382617907192004,0.96055319758452
997,0.9382066077698171,0.960508558127926
998,0.9381514279010555,0.9604639155884425
999,0.9380962511085263,0.9604192699704468
1000,0.9380410773878924,0.9603746212783182
1001,0.9379859067347941,0.960329969516392
1002,0.9379307391448638,0.9602853146890209
1003,0.9378755746138256,0.960240656800558
1004,0.9378204131373361,0.9601959958552861
1005,0.937765254711083,0.9601513318575363
1006,0.9377100993307732,0.9601066648116137
1007,0.9376549469921336,0.9600619947218059
1008,0.9375997976908642,0.9600173215923826
1009,0.9375446514227158,0.9599726454276325
1010,0.9374895081834285,0.9599279662318019
1011,0.9374343679687683,0.9598832840091436
1012,0.9373792307744934,0.9598385987638886
1013,0.9373240965963832,0.9597939105002697
1014,0.9372689654302119,0.9597492192225032
1015,0.9372138372717923,0.9597045249348052
1016,0.937158712116927,0.9596598276413607
1017,0.9371035899614248,0.9596151273463608
1018,0.9370484708011224,0.9595704240539878
1019,0.9369933546318513,0.959525717768402
1020,0.93693824144948,0.9594810084937643
1021,0.9368831312498468,0.9594362962342051
1022,0.9368280240288229,0.9593915809938761
1023,0.936772919782286,0.959346862776901
1024,0.9367178185061293,0.9593021415873955
1025,0.9366627201962334,0.9592574174294627
1026,0.9366076248485392,0.959212690307212
1027,0.9365525324589216,0.9591679602247045
1028,0.9364974430233459,0.9591232271860497
1029,0.936442356537729,0.9590784911952854
1030,0.9363872729980306,0.959033752256485
1031,0.9363321924001926,0.9589890103736851
1032,0.9362771147401892,0.9589442655509354
1033,0.9362220400139993,0.9588995177922583
1034,0.9361669682176017,0.9588547671016694
1035,0.9361118993469899,0.9588100134831828
1036,0.9360568333981805,0.9587652569407995
1037,0.936001770367186,0.9587204974784997
1038,0.9359467102500095,0.9586757351002655
1039,0.9358916530427163,0.958630969810083
1040,0.9358365987413215,0.9585862016118898
1041,0.9357815473418981,0.9585414305096577
1042,0.935726498840486,0.9584966565073145
1043,0.9356714532331709,0.9584518796088087
1044,0.9356164105160358,0.9584070998180544
1045,0.9355613706851699,0.9583623171389622
1046,0.9355063337366547,0.9583175315754383
1047,0.9354512996666233,0.958272743131392
1048,0.9353962684711745,0.9582279518106908
1049,0.9353412401464332,0.9581831576172262
1050,0.935286214688542,0.9581383605548681
1051,0.9352311920936501,0.9580935606274701
1052,0.935176172357906,0.9580487578388789
1053,0.9351211554774669,0.9580039521929404
1054,0.9350661414485204,0.9579591436934902
1055,0.935011130267215,0.9579143323443393
1056,0.9349561219297823,0.957869518149327
1057,0.9349011164323875,0.9578247011122264
1058,0.9348461137712535,0.9577798812368598
1059,0.9347911139425892,0.9577350585270024
1060,0.9347361169426275,0.9576902329864387
1061,0.9346811227675895,0.9576454046189329
1062,0.934626131413737,0.9576005734282559
1063,0.9345711428773077,0.9575557394181453
1064,0.9345161571545615,0.9575109025923554
1065,0.9344611742417649,0.9574660629546211
1066,0.9344061941352076,0.9574212205086712
1067,0.9343512168311684,0.9573763752582131
1068,0.9342962423259364,0.9573315272069616
1069,0.9342412706158135,0.9572866763586224
1070,0.9341863016971286,0.9572418227168872
1071,0.9341313355661965,0.9571969662854277
1072,0.9340763722193263,0.9571521070679215
1073,0.9340214116528789,0.9571072450680513
1074,0.9339664538631903,0.9570623802894569
1075,0.9339114988466082,0.9570175127357949
1076,0.9338565465995063,0.9569726424107116
1077,0.9338015971182447,0.9569277693178313
1078,0.9337466503992118,0.9568828934607861
1079,0.9336917064387834,0.9568380148431861
1080,0.9336367652333738,0.9567931334686477
1081,0.9335818267793651,0.9567482493407566
1082,0.9335268910731943,0.9567033624631204
1083,0.933471958111261,0.9566584728393036
1084,0.9334170278899937,0.9566135804728976
1085,0.9333621004058424,0.9565686853674688
1086,0.9333071756552525,0.9565237875265661
1087,0.9332522536346499,0.9564788869537394
1088,0.9331973343405293,0.9564339836525523
1089,0.93314241776934,0.9563890776265135
1090,0.9330875039175588,0.9563441688791645
1091,0.9330325927816836,0.9562992574140243
1092,0.9329776843581916,0.9562543432345934
1093,0.9329227786435981,0.956209426344386
1094,0.932867875634406,0.9561645067468867
1095,0.9328129753271299,0.9561195844455862
1096,0.9327580777182746,0.9560746594439654
1097,0.9327031828044225,0.9560297317455104
1098,0.9326482905820627,0.9559848013536465
1099,0.9325934010477775,0.9559398682718679
1100,0.9325385141981086,0.9558949325035957
1101,0.9324836300296142,0.9558499940522814
1102,0.9324287485388777,0.9558050529213611
1103,0.9323738697224658,0.95576010911425
1104,0.9323189935769721,0.9557151626343742
1105,0.9322641200989897,0.9556702134851373
1106,0.9322092492851191,0.9556252616699424
1107,0.9321543811319619,0.955580307192184
1108,0.932099515636159,0.9555353500552547
1109,0.9320446527943099,0.9554903902625149
1110,0.931989792603048,0.9554454278173552
1111,0.9319349350590334,0.9554004627231386
1112,0.9318800801588888,0.9553554949832056
1113,0.9318252278992872,0.9553105246009237
1114,0.9317703782768739,0.9552655515796195
1115,0.9317155312883388,0.955220575922641
1116,0.931660686930346,0.9551755976332985
1117,0.9316058451995701,0.9551306167149206
1118,0.9315510060927195,0.9550856331708268
1119,0.9314961696064787,0.9550406470043087
1120,0.9314413357375609,0.9549956582186745
1121,0.9313865044826788,0.9549506668172089
1122,0.9313316758385685,0.9549056728031946
1123,0.9312768498019165,0.9548606761798958
1124,0.9312220263694929,0.954815676950612
1125,0.9311672055380346,0.9547706751185776
1126,0.9311123873042761,0.9547256706870505
1127,0.9310575716649795,0.9546806636592893
1128,0.9310027586169204,0.9546356540385286
1129,0.9309479481568455,0.9545906418279927
1130,0.9308931402815613,0.9545456270309244
1131,0.9308383349878316,0.9545006096505211
1132,0.930783532272453,0.9544555896900098
1133,0.9307287321322256,0.9544105671525914
1134,0.9306739345639539,0.9543655420414624
1135,0.9306191395644484,0.9543205143598139
1136,0.9305643471305403,0.954275484110832
1137,0.9305095572590384,0.9542304512976836
1138,0.93045476994679,0.9541854159235519
1139,0.9303999851906141,0.9541403779915898
1140,0.9303452029873839,0.9540953375049697
1141,0.9302904233339317,0.9540502944668199
1142,0.9302356462271537,0.9540052488803002
1143,0.9301808716638624,0.9539602007485188
1144,0.9301260996409725,0.9539151500746466
1145,0.9300713301553755,0.9538700968617753
1146,0.9300165632039126,0.9538250411130108
1147,0.9299617987835075,0.9537799828314982
1148,0.9299070368910558,0.9537349220203174
1149,0.929852277523464,0.9536898586825675
1150,0.9297975206776499,0.953644792821338
1151,0.9297427663505362,0.9535997244397088
1152,0.929688014539036,0.9535546535407533
1153,0.9296332652401136,0.9535095801275519
1154,0.9295785184506811,0.9534645042031441
1155,0.9295237741676887,0.9534194257706068
1156,0.9294690323881026,0.9533743448329876
1157,0.9294142931088842,0.953329261393319
1158,0.9293595563269836,0.9532841754546365
1159,0.9293048220393844,0.9532390870199833
1160,0.9292500902430821,0.953193996092374
1161,0.9291953609350342,0.9531489026748132
1162,0.9291406341122488,0.9531038067703341
1163,0.9290859097717192,0.9530587083819275
1164,0.9290311879104547,0.9530136075125966
1165,0.9289764685254729,0.9529685041653292
1166,0.9289217516137722,0.9529233983431047
1167,0.9288670371723837,0.952878290048918
1168,0.9288123251983499,0.9528331792857357
1169,0.9287576156887108,0.9527880660565148
1170,0.9287029086404973,0.9527429503642124
1171,0.928648204050761,0.9526978322117912
1172,0.9285935019165618,0.9526527116021972
1173,0.9285388022349447,0.9526075885383676
1174,0.9284841050030005,0.9525624630232512
1175,0.9284294102178005,0.9525173350597582
1176,0.928374717876411,0.9524722046508134
1177,0.9283200279759322,0.9524270717993442
1178,0.9282653405134463,0.9523819365082505
1179,0.9282106554860485,0.9523367987804439
1180,0.9281559728908697,0.9522916586188256
1181,0.9281012927249882,0.9522465160262672
1182,0.9280466149855345,0.9522013710056796
1183,0.9279919396696331,0.9521562235599325
1184,0.927937266774417,0.9521110736918982
1185,0.9278825962970225,0.9520659214044417
1186,0.9278279282345736,0.9520207667004239
1187,0.9277732625842361,0.9519756095827135
1188,0.9277185993431432,0.9519304500541457
1189,0.927663938508478,0.9518852881175804
1190,0.9276092800773782,0.951840123775836
1191,0.9275546240470408,0.9517949570317659
1192,0.9274999704146182,0.9517497878881762
1193,0.9274453191773012,0.9517046163479058
1194,0.9273906703322898,0.9516594424137627
1195,0.927336023876765,0.9516142660885468
1196,0.9272813798079245,0.9515690873750711
1197,0.9272267381229942,0.9515239062761334
1198,0.9271720988191589,0.9514787227945105
1199,0.9271174618936388,0.9514335369330083
1200,0.9270628273436761,0.9513883486944039
1201,0.9270081951664895,0.9513431580814568
1202,0.9269535653593055,0.9512979650969429
1203,0.9268989379193592,0.9512527697436312
1204,0.9268443128439097,0.9512075720242825
1205,0.9267896901302259,0.9511623719416376
1206,0.9267350697755204,0.9511171694984285
1207,0.9266804517770916,0.9510719646974302
1208,0.9266258361321901,0.951026757541349
1209,0.9265712228380866,0.9509815480329278
1210,0.9265166118920807,0.9509363361748918
1211,0.9264620032914334,0.9508911219699436
1212,0.9264073970334503,0.9508459054208137
1213,0.9263527931154162,0.9508006865301972
1214,0.9262981915346458,0.9507554653008038
1215,0.926243592288434,0.9507102417353188
1216,0.9261889953741085,0.9506650158364418
1217,0.9261344007889551,0.9506197876068456
1218,0.9260798085303314,0.950574557049235
1219,0.9260252185955394,0.9505293241662565
1220,0.925970630981932,0.9504840889605999
1221,0.9259160456868455,0.9504388514349135
1222,0.9258614627076155,0.9503936115918572
1223,0.9258068820415928,0.9503483694340908
1224,0.9257523036861434,0.9503031249642611
1225,0.9256977276386354,0.9502578781850012
1226,0.9256431538964083,0.950212629098942
1227,0.925588582456842,0.9501673777087352
1228,0.9255340133173197,0.9501221240170002
1229,0.9254794464752288,0.9500768680263527
1230,0.9254248819279466,0.9500316097394031
1231,0.9253703196728702,0.9499863491587696
1232,0.925315759707388,0.9499410862870531
1233,0.9252612020289251,0.9498958211268608
1234,0.9252066466348616,0.9498505536807698
1235,0.9251520935226302,0.9498052839513903
1236,0.9250975426896351,0.9497600119412922
1237,0.9250429941333123,0.9497147376530647
1238,0.9249884478510848,0.9496694610892726
1239,0.9249339038403869,0.9496241822524878
1240,0.9248793620986785,0.9495789011452747
1241,0.9248248226233564,0.9495336177701744
1242,0.9247702854119132,0.9494883321297773
1243,0.9247157504617785,0.9494430442265983
1244,0.9246612177704266,0.9493977540631987
1245,0.924606687335316,0.9493524616421051
1246,0.9245521591539048,0.9493071669658557
1247,0.9244976332236977,0.949261870036987
1248,0.9244431095421393,0.949216570857998
1249,0.9243885881067379,0.9491712694314345
1250,0.9243340689149651,0.9491259657597906
1251,0.9242795519643269,0.9490806598455873
1252,0.9242250372523179,0.9490353516913199
1253,0.9241705247764594,0.9489900412994898
1254,0.9241160145342403,0.948944728672577
1255,0.9240615065231774,0.948899413813085
1256,0.924007000740794,0.9488540967234957
1257,0.9239524971846056,0.9488087774062839
1258,0.9238979958521414,0.9487634558639298
1259,0.923843496740956,0.9487181320989017
1260,0.9237889998485653,0.9486728061136476
1261,0.9237345051725337,0.9486274779106437
1262,0.9236800127103817,0.9485821474923277
1263,0.9236255224596785,0.9485368148611713
1264,0.9235710344179743,0.9484914800196055
1265,0.9235165485828462,0.9484461429700766
1266,0.9234620649518452,0.9484008037150079
1267,0.9234075835225515,0.9483554622568428
1268,0.9233531042925426,0.9483101185980003
1269,0.9232986272593877,0.9482647727409003
1270,0.9232441524206942,0.9482194246879692
1271,0.9231896797740304,0.9481740744416012
1272,0.923135209316997,0.9481287220042216
1273,0.9230807410472259,0.9480833673782272
1274,0.9230262749622744,0.9480380105659915
1275,0.9229718110597637,0.9479926515699447
1276,0.9229173493373256,0.9479472903924652
1277,0.9228628897925651,0.9479019270359224
1278,0.9228084324231222,0.9478565615027067
1279,0.9227539772266105,0.9478111937951791
1280,0.9226995242006492,0.9477658239157211
1281,0.9226450733429022,0.9477204518667074
1282,0.9225906246509935,0.9476750776504775
1283,0.9225361781225699,0.9476297012694024
1284,0.9224817337552932,0.9475843227258326
1285,0.9224272915468186,0.9475389420221059
1286,0.9223728514947862,0.9474935591605653
1287,0.9223184135968852,0.9474481741435643
1288,0.9222639778507677,0.9474027869734166
1289,0.9222095442540967,0.947357397652464
1290,0.9221551128045848,0.9473120061830397
1291,0.9221006834998869,0.9472666125674359
1292,0.9220462563376931,0.9472212168079895
1293,0.9219918313156993,0.9471758189070092
1294,0.9219374084315983,0.9471304188667984
1295,0.9218829876830748,0.9470850166896605
1296,0.9218285690678654,0.9470396123779063
1297,0.9217741525836611,0.9469942059338032
1298,0.9217197382281606,0.9469487973596548
1299,0.9216653259991011,0.9469033866577568
1300,0.921610915894191,0.9468579738303745
1301,0.9215565079111633,0.9468125588797944
1302,0.9215021020477613,0.9467671418082827
1303,0.9214476983017003,0.9467217226180963
1304,0.9213932966707221,0.9466763013115143
1305,0.9213388971525646,0.9466308778907938
1306,0.9212844997449859,0.9465854523581925
1307,0.9212301044457418,0.9465400247159528
1308,0.9211757112525698,0.9464945949663182
1309,0.921121320163237,0.946449163111545
1310,0.9210669311755175,0.9464037291538648
1311,0.9210125442871767,0.9463582930955042
1312,0.9209581594959801,0.9463128549386949
1313,0.920903776799694,0.9462674146856679
1314,0.9208493961961242,0.9462219723386517
1315,0.920795017683047,0.9461765278998449
1316,0.920740641258241,0.9461310813714662
1317,0.920686266919526,0.9460856327557332
1318,0.9206318946646636,0.9460401820548292
1319,0.9205775244914721,0.9459947292709833
1320,0.9205231563977673,0.9459492744063782
1321,0.920468790381346,0.9459038174631982
1322,0.9204144264400336,0.9458583584436422
1323,0.9203600645716298,0.9458128973498847
1324,0.9203057047739801,0.94576743418412
1325,0.9202513470448898,0.9457219689485055
1326,0.920196991382202,0.9456765016452294
1327,0.9201426377837532,0.9456310322764495
1328,0.9200882862473638,0.9455855608443282
1329,0.9200339367708944,0.9455400873510378
1330,0.9199795893521765,0.9454946117987209
1331,0.9199252439890896,0.9454491341895401
1332,0.9198709006794542,0.9454036545256201
1333,0.9198165594211398,0.9453581728091319
1334,0.9197622202120043,0.9453126890422057
1335,0.9197078830499331,0.9452672032269811
1336,0.9196535479327922,0.945221715365574
1337,0.9195992148584377,0.9451762254601163
1338,0.9195448838247542,0.9451307335127459
1339,0.9194905548296322,0.945085239525578
1340,0.9194362278709458,0.9450397435007207
1341,0.9193819029465988,0.9449942454402969
1342,0.91932758005448,0.9449487453464023
1343,0.9192732591924775,0.944903243221147
1344,0.9192189403584959,0.9448577390666376
1345,0.9191646235504648,0.9448122328849683
1346,0.9191103087662524,0.9447667246782135
1347,0.9190559960037915,0.9447212144484939
1348,0.9190016852610102,0.9446757021978786
1349,0.9189473765358234,0.9446301879284409
1350,0.9188930698261422,0.9445846716422617
1351,0.9188387651298969,0.9445391533414261
1352,0.9187844624450305,0.944493633028002
1353,0.9187301617694753,0.9444481107040469
1354,0.918675863101169,0.9444025863716261
1355,0.9186215664380626,0.9443570600327993
1356,0.9185672717780825,0.9443115316896151
1357,0.9185129791191936,0.9442660013441412
1358,0.9184586884593599,0.9442204689984142
1359,0.9184043997965297,0.9441749346544696
1360,0.9183501131286517,0.9441293983143549
1361,0.9182958284537148,0.9440838599801179
1362,0.9182415457696779,0.944038319653772
1363,0.9181872650745094,0.9439927773373542
1364,0.9181329863661957,0.9439472330328937
1365,0.9180787096427026,0.9439016867424034
1366,0.9180244349020459,0.9438561384679142
1367,0.9179701621421664,0.9438105882114141
1368,0.917915891361096,0.9437650359749509
1369,0.9178616225567917,0.9437194817604994
1370,0.9178073557273106,0.9436739255700928
1371,0.9177530908705892,0.9436283674056847
1372,0.9176988279846718,0.943582807269323
1373,0.9176445670675467,0.9435372451629694
1374,0.917590308117256,0.9434916810886294
1375,0.9175360511317858,0.9434461150482664
1376,0.9174817961091696,0.9434005470438844
1377,0.9174275430474332,0.9433549770774526
1378,0.917373291944595,0.9433094051509425
1379,0.9173190427986989,0.9432638312663333
1380,0.917264795607758,0.9432182554255818
1381,0.9172105503698355,0.943172677630668
1382,0.9171563070829727,0.9431270978835334
1383,0.9171020657451749,0.9430815161861343
1384,0.9170478263545294,0.9430359325404558
1385,0.9169935889090647,0.942990346948417
1386,0.9169393534068677,0.9429447594119827
1387,0.9168851198459599,0.9428991699330707
1388,0.9168308882244306,0.9428535785136507
1389,0.9167766585403276,0.9428079851556365
1390,0.9167224307917197,0.9427623898609759
1391,0.9166682049766985,0.9427167926315979
1392,0.916613981093315,0.942671193469413
1393,0.916559759139683,0.9426255923763638
1394,0.9165055391138437,0.9425799893543421
1395,0.9164513210139033,0.9425343844052955
1396,0.9163971048379517,0.9424887775311216
1397,0.916342890584096,0.942443168733728
1398,0.9162886782504054,0.9423975580150092
1399,0.9162344678349743,0.942351945376889
1400,0.9161802593359395,0.94230633082127
1401,0.9161260527513844,0.9422607143500212
1402,0.9160718480794277,0.9422150959650525
1403,0.9160176453181677,0.9421694756682454
1404,0.9159634444657464,0.942123853461497
1405,0.9159092455202543,0.9420782293466691
1406,0.9158550484798349,0.942032603325664
1407,0.9158008533425968,0.9419869754003399
1408,0.9157466601066934,0.9419413455725841
1409,0.9156924687702456,0.9418957138442458
1410,0.9156382793313796,0.9418500802172
1411,0.9155840917882451,0.9418044446933173
1412,0.9155299061389828,0.9417588072744483
1413,0.9154757223817407,0.9417131679624509
1414,0.9154215405146517,0.9416675267591752
1415,0.9153673605358807,0.9416218836664841
1416,0.9153131824435933,0.9415762386862131
1417,0.9152590062359407,0.9415305918201977
1418,0.915204831911076,0.9414849430702835
1419,0.9151506594671696,0.9414392924383138
1420,0.9150964889023954,0.9413936399261178
1421,0.9150423202149053,0.941347985535522
1422,0.9149881534029112,0.9413023292683671
1423,0.9149339884645481,0.9412566711264494
1424,0.9148798253980195,0.9412110111116225
1425,0.9148256642015257,0.9411653492256863
1426,0.9147715048732145,0.9411196854704422
1427,0.9147173474113044,0.9410740198477322
1428,0.9146631918139791,0.941028352359343
1429,0.9146090380794363,0.9409826830070877
1430,0.9145548862058798,0.9409370117927661
1431,0.9145007361915127,0.9408913387181738
1432,0.9144465880345292,0.9408456637851075
1433,0.914392441733155,0.9407999869953675
1434,0.914338297285584,0.9407543083507314
1435,0.9142841546900581,0.940708627853
1436,0.914230013944756,0.9406629455039343
1437,0.91417587504793,0.9406172613053466
1438,0.9141217379978092,0.9405715752589902
1439,0.9140676027925851,0.940525887366634
1440,0.9140134694305316,0.940480197630079
1441,0.9139593379098527,0.9404345060510579
1442,0.9139052082287875,0.9403888126313601
1443,0.9138510803855872,0.9403431173727445
1444,0.9137969543784978,0.9402974202769613
1445,0.9137428302057459,0.9402517213457642
1446,0.913688707865587,0.9402060205809207
1447,0.9136345873562725,0.9401603179841754
1448,0.9135804686760762,0.9401146135572757
1449,0.9135263518232287,0.9400689073019499
1450,0.9134722367959988,0.9400231992199612
1451,0.9134181235926699,0.9399774893130399
1452,0.9133640122114679,0.939931777582906
1453,0.9133099026506978,0.9398860640313244
1454,0.913255794908616,0.9398403486599952
1455,0.913201688983503,0.9397946314706574
1456,0.9131475848736231,0.9397489124650305
1457,0.9130934825772814,0.9397031916448457
1458,0.9130393820927519,0.9396574690118015
1459,0.9129852834183098,0.9396117445676208
1460,0.9129311865522638,0.9395660183140244
1461,0.9128770914928844,0.9395202902527057
1462,0.9128229982384853,0.9394745603853887
1463,0.912768906787366,0.9394288287137624
1464,0.912714817137805,0.939383095239525
1465,0.912660729288125,0.9393373599643936
1466,0.9126066432366442,0.9392916228900462
1467,0.912552558981652,0.9392458840181668
1468,0.912498476521459,0.93920014335046
1469,0.9124443958544052,0.9391544008886132
1470,0.9123903169787783,0.9391086566342904
1471,0.9123362398929205,0.9390629105891958
1472,0.9122821645951558,0.9390171627549909
1473,0.9122280910837898,0.9389714131333498
1474,0.9121740193571831,0.938925661725962
1475,0.9121199494136474,0.9388799085344702
1476,0.9120658812515168,0.9388341535605592
1477,0.9120118148691336,0.9387883968058918
1478,0.9119577502648482,0.9387426382721262
1479,0.9119036874369864,0.9386968779609118
1480,0.9118496263838991,0.9386511158739187
1481,0.9117955671039626,0.9386053520127956
1482,0.9117415095954812,0.9385595863791698
1483,0.9116874538568661,0.9385138189747261
1484,0.9116333998864092,0.9384680498010639
1485,0.9115793476825181,0.9384222788598766
1486,0.9115252972435539,0.938376506152765
1487,0.9114712485678482,0.9383307316813664
1488,0.9114172016538015,0.9382849554473408
1489,0.9113631564997767,0.9382391774522933
1490,0.9113091131041404,0.9381933976978581
1491,0.9112550714652808,0.9381476161856649
1492,0.9112010315815733,0.9381018329173282
1493,0.9111469934513744,0.9380560478944696
1494,0.9110929570731027,0.9380102611187265
1495,0.9110389224451416,0.9379644725916862
1496,0.9109848895658481,0.9379186823149631
1497,0.9109308584336588,0.937872890290192
1498,0.910876829046927,0.9378270965189449
1499,0.9108228014040863,0.9377813010028582
1500,0.9107687755035209,0.9377355037435036
1501,0.9107147513436303,0.9376897047424938
1502,0.9106607289228303,0.9376439040014269
1503,0.9106067082395284,0.9375981015218878
1504,0.9105526892921084,0.9375522973054677
1505,0.9104986720790114,0.937506491353776
1506,0.9104446565986476,0.9374606836683758
1507,0.9103906428494439,0.9374148742508551
1508,0.9103366308298143,0.9373690631027868
1509,0.9102826205381725,0.9373232502257547
1510,0.9102286119729447,0.9372774356213419
1511,0.9101746051325833,0.9372316192911204
1512,0.910120600015503,0.9371858012366422
1513,0.9100665966201295,0.937139981459488
1514,0.9100125949449176,0.9370941599612278
1515,0.9099585949882926,0.937048336743411
1516,0.9099045967487088,0.9370025118076072
1517,0.9098506002245923,0.9369566851553646
1518,0.9097966054143983,0.9369108567882508
1519,0.9097426123165963,0.9368650267078118
1520,0.9096886209296029,0.9368191949155814
1521,0.9096346312518983,0.9367733614131344
1522,0.9095806432819361,0.9367275262019947
1523,0.9095266570181597,0.9366816892837067
1524,0.9094726724590442,0.9366358506598225
1525,0.9094186896030468,0.9365900103318686
1526,0.9093647084486404,0.9365441683013859
1527,0.9093107289942975,0.9364983245699009
1528,0.9092567512384654,0.9364524791389408
1529,0.9092027751796659,0.936406632010052
1530,0.9091488008163299,0.9363607831847218
1531,0.9090948281469474,0.936314932664508
1532,0.9090408571700257,0.9362690804509225
1533,0.9089868878840154,0.9362232265454613
1534,0.9089329202874179,0.9361773709496664
1535,0.9088789543787292,0.9361315136650377
1536,0.9088249901564139,0.9360856546930807
1537,0.9087710276190127,0.9360397940353233
1538,0.9087170667649718,0.9359939316932331
1539,0.9086631075928209,0.9359480676683535
1540,0.9086091501010369,0.9359022019621591
1541,0.9085551942881492,0.9358563345761672
1542,0.9085012401526582,0.9358104655118534
1543,0.9084472876930444,0.935764594770714
1544,0.9083933369078495,0.9357187223542623
1545,0.9083393877955965,0.9356728482639618
1546,0.9082854403547468,0.9356269725012901
1547,0.908231494583875,0.9355810950677742
1548,0.9081775504814701,0.93553521596485
1549,0.9081236080460606,0.9354893351940206
1550,0.9080696672761898,0.9354434527567577
1551,0.9080157281703405,0.9353975686545214
1552,0.9079617907270865,0.9353516828888176
1553,0.9079078549449416,0.9353057954610816
1554,0.9078539208224438,0.935259906372795
1555,0.9077999883581228,0.9352140156254176
1556,0.9077460575505407,0.9351681232204194
1557,0.9076921283981856,0.9351222291592411
1558,0.9076382008996532,0.9350763334433827
1559,0.9075842750534575,0.9350304360742583
1560,0.9075303508581792,0.9349845370533465
1561,0.9074764283123341,0.9349386363820716
1562,0.9074225074145064,0.93489273406191
1563,0.9073685881632063,0.9348468300942832
1564,0.9073146705570554,0.9348009244806702
1565,0.9072607545945514,0.9347550172224619
1566,0.9072068402742876,0.9347091083211468
1567,0.9071529275948178,0.9346631977781378
1568,0.9070990165547156,0.934617285594877
1569,0.9070451071525419,0.9345713717727913
1570,0.9069911993868693,0.9345254563133177
1571,0.9069372932562916,0.9344795392178824
1572,0.9068833887593473,0.9344336204878956
1573,0.9068294858946481,0.9343877001248098
1574,0.9067755846607339,0.9343417781300192
1575,0.9067216850562339,0.9342958545049744
1576,0.9066677870796989,0.9342499292510558
1577,0.9066138907297197,0.9342040023697038
1578,0.9065599960049,0.9341580738623281
1579,0.9065061029038175,0.934112143730327
1580,0.9064522114250724,0.934066211975119
1581,0.9063983215672389,0.9340202785981038
1582,0.9063444333289563,0.9339743436007027
1583,0.9062905467087795,0.9339284069842841
1584,0.906236661705346,0.933882468750282
1585,0.906182778317226,0.9338365289000661
1586,0.906128896543049,0.9337905874350578
1587,0.9060750163814261,0.9337446443566318
1588,0.906021137830953,0.9336986996661766
1589,0.9059672608902594,0.9336527533650918
1590,0.9059133855579423,0.9336068054547509
1591,0.9058595118326251,0.9335608559365518
1592,0.9058056397129239,0.933514904811872
1593,0.9057517691974649,0.9334689520820938
1594,0.9056979002848681,0.9334229977485902
1595,0.9056440329737548,0.9333770418127405
1596,0.9055901672627674,0.9333310842759206
1597,0.9055363031505237,0.9332851251394917
1598,0.9054824406356624,0.933239164404831
1599,0.9054285797168086,0.933193202073301
1600,0.9053747203926157,0.9331472381462739
1601,0.9053208626616993,0.9331012726250985
1602,0.9052670065227122,0.9330553055111539
1603,0.9052131519742944,0.933009336805789
1604,0.9051592990150917,0.9329633665103617
1605,0.9051054476437368,0.9329173946262265
1606,0.9050515978589009,0.9328714211547466
1607,0.9049977496592193,0.9328254460972542
1608,0.9049439030433489,0.9327794694551105
1609,0.9048900580099533,0.9327334912296575
1610,0.9048362145576673,0.932687511422233
1611,0.9047823726851921,0.9326415300341976
1612,0.9047285323911336,0.932595547066856
1613,0.9046746936741981,0.932549562521592
1614,0.9046208565330222,0.9325035763997053
1615,0.9045670209662924,0.9324575887025546
1616,0.9045131869726776,0.9324115994314548
1617,0.9044593545508292,0.9323656085877361
1618,0.904405523699432,0.9323196161727436
1619,0.9043516944171706,0.9322736221877926
1620,0.9042978667027128,0.9322276266341998
1621,0.9042440405547445,0.932181629513295
1622,0.9041902159719339,0.9321356308263921
1623,0.9041363929529769,0.9320896305748196
1624,0.9040825714965444,0.932043628759883
1625,0.9040287516013343,0.9319976253829085
1626,0.9039749332660548,0.9319516204451989
1627,0.9039211164893559,0.9319056139480484
1628,0.9038673012699674,0.931859605892798
1629,0.9038134876065522,0.9318135962807248
1630,0.9037596754978447,0.9317675851131579
1631,0.9037058649424969,0.9317215723913702
1632,0.9036520559392577,0.931675558116699
1633,0.9035982484868106,0.9316295422904042
1634,0.9035444425838602,0.9315835249137971
1635,0.9034906382291068,0.9315375059881722
1636,0.9034368354212629,0.9314914855148275
1637,0.9033830341590368,0.9314454634950499
1638,0.9033292344411752,0.9313994399301294
1639,0.9032754362663367,0.9313534148213256
1640,0.9032216396332781,0.9313073881699675
1641,0.9031678445406933,0.931261359977306
1642,0.903114050987333,0.9312153302446412
1643,0.903060258971886,0.9311692989732272
1644,0.9030064684931054,0.9311232661643681
1645,0.9029526795497095,0.9310772318193148
1646,0.9028988921404053,0.9310311959393469
1647,0.902845106263949,0.9309851585257531
1648,0.9027913219190699,0.9309391195797807
1649,0.902737539104479,0.9308930791026987
1650,0.9026837578189457,0.9308470370957918
1651,0.9026299780611788,0.9308009935602954
1652,0.9025761998299469,0.9307549484974942
1653,0.9025224231239568,0.9307089019086257
1654,0.902468647941977,0.9306628537949732
1655,0.9024148742827319,0.9306168041577745
1656,0.9023611021450061,0.9305707529982992
1657,0.9023073315275173,0.9305247003177688
1658,0.9022535624290258,0.9304786461174598
1659,0.9021997948482675,0.9304325903986117
1660,0.9021460287840307,0.9303865331624853
1661,0.9020922642350372,0.9303404744102974
1662,0.9020385012000697,0.9302944141433195
1663,0.9019847396778791,0.930248352362772
1664,0.901930979667235,0.9302022890699017
1665,0.901877221166893,0.93015622426594
1666,0.9018234641756107,0.9301101579521277
1667,0.9017697086921657,0.9300640901297066
1668,0.9017159547153385,0.9300180207998988
1669,0.9016622022438792,0.929971949963926
1670,0.9016084512765751,0.9299258776230322
1671,0.9015547018121914,0.9298798037784332
1672,0.9015009538495066,0.9298337284313607
1673,0.9014472073873021,0.9297876515830352
1674,0.9013934624243651,0.9297415732346765
1675,0.9013397189594691,0.9296954933874962
1676,0.9012859769914014,0.9296494120427198
1677,0.9012322365189375,0.929603329201559
1678,0.9011784975408748,0.9295572448652359
1679,0.9011247600559993,0.9295111590349548
1680,0.9010710240631112,0.9294650717119269
1681,0.9010172895609909,0.9294189828973543
1682,0.9009635565484166,0.9293728925924529
1683,0.9009098250242238,0.9293268007984404
1684,0.9008560949871864,0.9292807075164888
1685,0.9008023664361106,0.9292346127478182
1686,0.9007486393698012,0.9291885164936228
1687,0.9006949137870531,0.929142418755098
1688,0.9006411896866767,0.929096319533446
1689,0.9005874670674735,0.9290502188298573
1690,0.9005337459282529,0.9290041166455281
1691,0.9004800262678231,0.9289580129816488
1692,0.9004263080850098,0.9289119078394097
1693,0.9003725913786126,0.9288658012199867
1694,0.9003188761474487,0.9288196931245777
1695,0.9002651623903527,0.9287735835543647
1696,0.9002114501061165,0.9287274725105151
1697,0.9001577392935676,0.9286813599942313
1698,0.9001040299515513,0.9286352460066872
1699,0.9000503220788628,0.9285891305490398
1700,0.8999966156743414,0.9285430136224888
1701,0.899942910736811,0.9284968952281958
1702,0.8998892072651061,0.9284507753673357
1703,0.8998355052580543,0.9284046540410749
1704,0.8997818047144854,0.9283585312505834
1705,0.8997281056332411,0.9283124069970309
1706,0.8996744080131381,0.9282662812815772
1707,0.8996207118530413,0.9282201541053993
1708,0.899567017151782,0.9281740254696375
1709,0.8995133239081794,0.9281278953754588
1710,0.8994596321210984,0.9280817638240387
1711,0.8994059417893813,0.9280356308165157
1712,0.8993522529118665,0.9279894963540459
1713,0.8992985654874133,0.9279433604377901
1714,0.8992448795148511,0.9278972230688896
1715,0.8991911949930478,0.927851084248511
1716,0.8991375119208505,0.9278049439777879
1717,0.8990838302971196,0.9277588022578722
1718,0.899030150120704,0.927712659089903
1719,0.8989764713904654,0.927666514475031
1720,0.8989227941052461,0.9276203684143932
1721,0.8988691182639285,0.927574220909144
1722,0.8988154438653742,0.9275280719604049
1723,0.8987617709084348,0.927481921569312
1724,0.8987080993919931,0.9274357697370113
1725,0.8986544293148789,0.9273896164646228
1726,0.8986007606760144,0.9273434617533087
1727,0.8985470934742162,0.9272973056041562
1728,0.898493427708404,0.9272511480183381
1729,0.8984397633774175,0.9272049889969418
1730,0.898386100480165,0.9271588285411212
1731,0.898332439015493,0.9271126666519741
1732,0.8982787789822902,0.9270665033306471
1733,0.8982251203794458,0.9270203385782525
1734,0.8981714632058214,0.9269741723959021
1735,0.8981178074603225,0.9269280047847299
1736,0.8980641531418202,0.9268818357458338
1737,0.8980105002492019,0.9268356652803397
1738,0.8979568487813742,0.9267894933893591
1739,0.8979031987371915,0.9267433200739885
1740,0.8978495501155699,0.9266971453353668
1741,0.8977959029154005,0.9266509691745809
1742,0.8977422571355755,0.9266047915927386
1743,0.8976886127749968,0.9265586125909476
1744,0.8976349698325513,0.9265124321703054
1745,0.8975813283071359,0.9264662503319232
1746,0.8975276881976579,0.9264200670769027
1747,0.897474049503027,0.926373882406337
1748,0.8974204122221384,0.9263276963213173
1749,0.8973667763538968,0.9262815088229467
1750,0.8973131418972119,0.9262353199123178
1751,0.8972595088509857,0.9261891295905228
1752,0.8972058772141418,0.9261429378586574
1753,0.8971522469855887,0.926096744717799
1754,0.897098618164205,0.9260505501690386
1755,0.8970449907489584,0.9260043542134903
1756,0.8969913647387256,0.925958156852196
1757,0.8969377401324568,0.9259119580862699
1758,0.8968841169290541,0.9258657579167684
1759,0.8968304951274153,0.9258195563447851
1760,0.8967768747265038,0.9257733533714174
1761,0.8967232557252177,0.925727148997709
1762,0.8966696381224954,0.9256809432247561
1763,0.8966160219172541,0.9256347360536228
1764,0.8965624071084161,0.9255885274853886
1765,0.8965087936949362,0.9255423175211295
1766,0.8964551816757123,0.9254961061618955
1767,0.8964015710497107,0.9254498934087806
1768,0.896347961815842,0.9254036792628252
1769,0.8962943539730406,0.9253574637251138
1770,0.8962407475202643,0.9253112467967108
1771,0.8961871424564345,0.925265028478661
1772,0.8961335387804971,0.9252188087720395
1773,0.8960799364913865,0.9251725876779011
1774,0.8960263355880538,0.9251263651973096
1775,0.8959727360694566,0.9250801413313147
1776,0.8959191379345086,0.9250339160809601
1777,0.8958655411821742,0.9249876894473252
1778,0.895811945811417,0.9249414614314496
1779,0.8957583518211474,0.9248952320343704
1780,0.8957047592103631,0.9248490012571695
1781,0.895651167978017,0.9248027691008576
1782,0.8955975781230102,0.9247565355664799
1783,0.8955439896443481,0.924710300655126
1784,0.895490402540958,0.924664064367799
1785,0.8954368168118194,0.9246178267055648
1786,0.8953832324559136,0.9245715876694459
1787,0.895329649472142,0.924525347260467
1788,0.8952760678595223,0.9244791054797125
1789,0.8952224876169937,0.9244328623281755
1790,0.895168908743523,0.9243866178069109
1791,0.895115331238087,0.9243403719169513
1792,0.8950617550996468,0.924294124659321
1793,0.895008180327174,0.9242478760350574
1794,0.8949546069196597,0.9242016260451873
1795,0.8949010348760439,0.9241553746907241
1796,0.8948474641953311,0.9241091219727193
1797,0.8947938948764754,0.9240628678921745
1798,0.8947403269184677,0.9240166124501313
1799,0.8946867603202856,0.9239703556475993
1800,0.8946331950809081,0.9239240974856009
1801,0.8945796311992923,0.9238778379651557
1802,0.8945260686744683,0.9238315770873027
1803,0.8944725075053903,0.923785314853019
1804,0.8944189476910428,0.9237390512633437
1805,0.8943653892304315,0.9236927863192921
1806,0.8943118321225492,0.9236465200218607
1807,0.8942582763663389,0.9236002523720573
1808,0.8942047219608454,0.9235539833709305
1809,0.894151168905039,0.9235077130194433
1810,0.8940976171979113,0.9234614413186215
1811,0.8940440668384685,0.9234151682694721
1812,0.8939905178256855,0.92336889387299
1813,0.8939369701585879,0.9233226181301969
1814,0.8938834238361612,0.9232763410420701
1815,0.8938298788574055,0.923230062609621
1816,0.8937763352213355,0.9231837828338506
1817,0.8937227929269368,0.9231375017157435
1818,0.8936692519732355,0.9230912192563119
1819,0.8936157123592294,0.9230449354565317
1820,0.893562174083904,0.9229986503174039
1821,0.8935086371463049,0.9229523638399384
1822,0.8934551015454134,0.9229060760250947
1823,0.8934015672802709,0.9228597868738868
1824,0.8933480343498635,0.9228134963872768
1825,0.8932945027532023,0.9227672045662739
1826,0.8932409724893328,0.9227209114118661
1827,0.8931874435572623,0.9226746169250128
1828,0.8931339159559718,0.9226283211067033
1829,0.8930803896845375,0.92258202395795
1830,0.8930268647419557,0.9225357254796862
1831,0.8929733411272396,0.92248942567291
1832,0.8929198188394281,0.9224431245386071
1833,0.8928662978775418,0.9223968220777403
1834,0.892812778240584,0.9223505182912872
1835,0.8927592599276193,0.9223042131802404
1836,0.8927057429376684,0.9222579067455411
1837,0.8926522272697337,0.9222115989881661
1838,0.8925987129228903,0.9221652899091076
1839,0.8925451998961327,0.9221189795092984
1840,0.8924916881885102,0.9220726677897361
1841,0.8924381777990631,0.9220263547513742
1842,0.8923846687268339,0.9219800403951715
1843,0.8923311609708385,0.9219337247220865
1844,0.8922776545301303,0.9218874077330989
1845,0.8922241494037549,0.9218410894291569
1846,0.8921706455907332,0.921794769811216
1847,0.8921171430901325,0.9217484488802508
1848,0.8920636419009857,0.9217021266371973
1849,0.8920101420223457,0.92165580308302
1850,0.8919566434532418,0.921609478218667
1851,0.8919031461927496,0.9215631520451047
1852,0.8918496502398848,0.9215168245632633
1853,0.8917961555937288,0.921470495774119
1854,0.891742662253329,0.9214241656785958
1855,0.8916891702177279,0.9213778342776454
1856,0.8916356794859799,0.9213315015722221
1857,0.8915821900571516,0.921285167563271
1858,0.8915287019302952,0.9212388322517271
1859,0.8914752151044666,0.9211924956385371
1860,0.8914217295787162,0.921146157724644
1861,0.8913682453521166,0.9210998185109944
1862,0.8913147624237533,0.9210534779985184
1863,0.8912612807926446,0.9210071361881331
1864,0.8912078004578757,0.9209607930808124
1865,0.8911543214185184,0.9209144486774743
1866,0.8911008436736222,0.9208681029790466
1867,0.891047367222287,0.9208217559864774
1868,0.8909938920635537,0.9207754077006711
1869,0.8909404181965054,0.9207290581225812
1870,0.8908869456202115,0.9206827072531261
1871,0.8908334743337301,0.9206363550932362
1872,0.8907800043361687,0.9205900016438493
1873,0.8907265356265608,0.9205436469058639
1874,0.8906730682040345,0.9204972908802382
1875,0.8906196020676258,0.9204509335678531
1876,0.8905661372164392,0.9204045749696637
1877,0.890512673649533,0.9203582150865703
1878,0.8904592113660152,0.9203118539195096
1879,0.8904057503649477,0.9202654914693779
1880,0.8903522906454171,0.9202191277371095
1881,0.8902988322065161,0.9201727627236174
1882,0.8902453750473358,0.9201263964298095
1883,0.8901919191669485,0.9200800288565942
1884,0.890138464564451,0.9200336600048981
1885,0.8900850112389384,0.9199872898756236
1886,0.8900315591894962,0.919940918469676
1887,0.8899781084152173,0.9198945457879693
1888,0.8899246589151939,0.9198481718314095
1889,0.8898712106885253,0.9198017966009042
1890,0.8898177637343117,0.9197554200973529
1891,0.8897643180516239,0.9197090423216573
1892,0.8897108736396058,0.9196626632747402
1893,0.889657430497328,0.9196162829574659
1894,0.8896039886238886,0.9195699013707582
1895,0.889550548018394,0.9195235185155184
1896,0.889497108679951,0.9194771343926391
1897,0.8894436706076669,0.9194307490030149
1898,0.8893902338006486,0.9193843623475377
1899,0.8893367982579867,0.9193379744271006
1900,0.8892833639788075,0.9192915852426101
1901,0.8892299309622116,0.9192451947949425
1902,0.8891764992072918,0.9191988030849947
1903,0.8891230687132037,0.9191524101136714
1904,0.8890696394790157,0.9191060158818232
1905,0.8890162115038778,0.9190596203903743
1906,0.8889627847868606,0.9190132236401799
1907,0.8889093593271175,0.9189668256321619
1908,0.8888559351237494,0.918920426367173
1909,0.8888025121758952,0.9188740258461079
1910,0.8887490904826337,0.9188276240698319
1911,0.888695670043125,0.9187812210392589
1912,0.8886422508564615,0.9187348167552338
1913,0.8885888329217998,0.9186884112186606
1914,0.8885354162382194,0.9186420044303861
1915,0.888482000804882,0.9185955963913246
1916,0.8884285866209082,0.9185491871023187
1917,0.8883751736854034,0.9185027765642471
1918,0.8883217619975028,0.9184563647780002
1919,0.8882683515563636,0.9184099517444432
1920,0.8882149423610917,0.9183635374644237
1921,0.888161534410824,0.9183171219388299
1922,0.8881081277046834,0.9182707051685264
1923,0.8880547222418227,0.9182242871543891
1924,0.8880013180213635,0.9181778678972655
1925,0.88794791504244,0.9181314473980337
1926,0.8878945133041999,0.9180850256575568
1927,0.887841112805777,0.9180386026766895
1928,0.8877877135463101,0.9179921784562961
1929,0.8877343155249515,0.9179457529972377
1930,0.8876809187408216,0.9178993263003634
1931,0.8876275231930646,0.9178528983665489
1932,0.8875741288808376,0.9178064691966498
1933,0.8875207358032952,0.9177600387915095
1934,0.8874673439595517,0.9177136071519765
1935,0.8874139533487801,0.9176671742789303
1936,0.8873605639701069,0.917620740173201
1937,0.8873071758227247,0.9175743048356582
1938,0.8872537889057346,0.9175278682671167
1939,0.887200403218316,0.917481430468466
1940,0.8871470187595986,0.9174349914405313
1941,0.8870936355287558,0.9173885511841784
1942,0.887040253524949,0.9173421097002368
1943,0.8869868727473186,0.9172956669895462
1944,0.8869334931950211,0.9172492230529627
1945,0.8868801148672106,0.9172027778913296
1946,0.8868267377630571,0.9171563315054914
1947,0.8867733618817278,0.9171098838962799
1948,0.8867199872223623,0.9170634350645281
1949,0.8866666137841336,0.9170169850110932
1950,0.8866132415662041,0.9169705337368026
1951,0.8865598705677529,0.9169240812424939
1952,0.8865065007879308,0.9168776275289904
1953,0.8864531322259043,0.9168311725971371
1954,0.8863997648808227,0.9167847164477678
1955,0.8863463987518866,0.9167382590817306
1956,0.8862930338382602,0.9166918004998295
1957,0.8862396701391075,0.9166453407028972
1958,0.8861863076535816,0.9165988796917707
1959,0.8861329463808818,0.9165524174672914
1960,0.8860795863201784,0.9165059540302654
1961,0.8860262274706333,0.9164594893815206
1962,0.8859728698314263,0.9164130235218926
1963,0.8859195134017634,0.9163665564522021
1964,0.8858661581807615,0.9163200881732466
1965,0.8858128041676459,0.9162736186859006
1966,0.8857594513615873,0.9162271479909442
1967,0.8857060997617755,0.9161806760892053
1968,0.8856527493673828,0.9161342029814954
1969,0.8855994001775643,0.9160877286686401
1970,0.8855460521915661,0.9160412531514791
1971,0.8854927054085171,0.9159947764307763
1972,0.88543935982763,0.915948298507393
1973,0.885386015448091,0.9159018193821205
1974,0.8853326722690774,0.9158553390557722
1975,0.8852793302897974,0.9158088575291681
1976,0.8852259895094226,0.915762374803103
1977,0.8851726499271451,0.915715890878402
1978,0.885119311542159,0.9156694057558722
1979,0.8850659743536601,0.9156229194363202
1980,0.8850126383608461,0.9155764319205493
1981,0.884959303562927,0.9155299432093629
1982,0.8849059699590767,0.9154834533035526
1983,0.8848526375484916,0.9154369622039402
1984,0.8847993063303701,0.9153904699113288
1985,0.8847459763039124,0.9153439764265199
1986,0.8846926474683319,0.9152974817503128
1987,0.8846393198228256,0.9152509858834962
1988,0.884585993366585,0.9152044888268718
1989,0.884532668098823,0.9151579905812457
1990,0.8844793440187371,0.915111491147407
1991,0.8844260211255467,0.9150649905261553
1992,0.8843726994184381,0.9150184887182743
1993,0.8843193788966195,0.914971985724574
1994,0.8842660595593215,0.914925481545845
1995,0.8842127414057411,0.9148789761828613
1996,0.8841594244350709,0.9148324696364224
1997,0.8841061086465436,0.914785961907333
1998,0.8840527940393693,0.9147394529963635
1999,0.8839994806127527,0.9146929429043028
2000,0.8839461683659217,0.9146464316319451
2001,0.8838928572980623,0.9145999191800634
2002,0.883839547408421,0.9145534055494677
2003,0.8837862386962028,0.9145068907409156
2004,0.8837329311606267,0.9144603747551987
2005,0.8836796248009081,0.9144138575930998
2006,0.8836263196162665,0.9143673392554016
2007,0.8835730156059276,0.9143208197428836
2008,0.883519712769104,0.9142742990563211
2009,0.883466411105032,0.9142277771964997
2010,0.8834131106129343,0.9141812541641853
2011,0.8833598112920137,0.914134729960153
2012,0.8833065131415322,0.9140882045851983
2013,0.8832532161606853,0.9140416780400636
2014,0.8831999203487101,0.9139951503255479
2015,0.8831466257048427,0.9139486214424152
2016,0.8830933322282867,0.9139020913914311
2017,0.8830400399182993,0.913855560173386
2018,0.8829867487741162,0.913809027789028
2019,0.882933458794952,0.9137624942391217
2020,0.8828801699800378,0.913715959524449
2021,0.8828268823286206,0.9136694236457772
2022,0.882773595839926,0.913622886603863
2023,0.8827203105131876,0.9135763483994763
2024,0.882667026347646,0.9135298090333852
2025,0.8826137433425493,0.9134832685063481
2026,0.8825604614971249,0.9134367268191187
2027,0.882507180810617,0.9133901839724669
2028,0.8824539012822684,0.9133436399671494
2029,0.8824006229113117,0.9132970948039226
2030,0.8823473456969779,0.9132505484835529
2031,0.8822940696385423,0.9132040010068074
2032,0.8822407947352333,0.9131574523744147
2033,0.8821875209862975,0.9131109025871433
2034,0.8821342483909701,0.9130643516457472
2035,0.8820809769485138,0.913017799550989
2036,0.8820277066581637,0.9129712463036082
2037,0.8819744375191806,0.9129246919043665
2038,0.8819211695307982,0.9128781363540058
2039,0.8818679026922864,0.9128315796532884
2040,0.881814637002887,0.9127850218029484
2041,0.881761372461842,0.9127384628037405
2042,0.8817081090684392,0.9126919026564221
2043,0.8816548468218933,0.91264534136171
2044,0.8816015857214735,0.9125987789203823
2045,0.8815483257664414,0.9125522153331731
2046,0.8814950669560484,0.9125056506008198
2047,0.8814418092895471,0.9124590847240706
2048,0.8813885527662098,0.9124125177036706
2049,0.8813352973852985,0.9123659495403518
2050,0.8812820431460414,0.912319380234849
2051,0.8812287900477493,0.9122728097879309
2052,0.881175538089651,0.912226238200293
2053,0.8811222872710137,0.9121796654727015
2054,0.881069037591106,0.9121330916058896
2055,0.8810157890491789,0.9120865166005883
2056,0.8809625416445223,0.9120399404575446
2057,0.8809092953763996,0.911993363177472
2058,0.8808560502440487,0.9119467847611057
2059,0.8808028062467826,0.9119002052092033
2060,0.8807495633838334,0.911853624522459
2061,0.8806963216544996,0.9118070427016335
2062,0.8806430810580173,0.911760459747432
2063,0.8805898415936987,0.911713875660614
2064,0.8805366032607753,0.9116672904418724
2065,0.8804833660585545,0.9116207040919692
2066,0.8804301299863005,0.9115741166116016
2067,0.8803768950432896,0.9115275280015036
2068,0.8803236612287902,0.911480938262399
2069,0.880270428542094,0.911434347395017
2070,0.8802171969824657,0.9113877554000696
2071,0.8801639665491846,0.911341162278287
2072,0.8801107372415404,0.9112945680303919
2073,0.8800575090588182,0.9112479726570947
2074,0.8800042820002772,0.911201376159111
2075,0.8799510560651911,0.9111547785371775
2076,0.8798978312528727,0.9111081797920191
2077,0.8798446075626114,0.9110615799243271
2078,0.8797913849936818,0.9110149789348132
2079,0.8797381635453525,0.9109683768242005
2080,0.8796849432169248,0.9109217735932167
2081,0.8796317240076849,0.910875169242563
2082,0.8795785059169229,0.910828563772953
2083,0.8795252889439341,0.9107819571850964
2084,0.8794720730879797,0.910735349479699
2085,0.8794188583483822,0.9106887406574931
2086,0.8793656447244134,0.9106421307191622
2087,0.8793124322153751,0.9105955196654306
2088,0.8792592208205676,0.9105489074969975
2089,0.8792060105392665,0.9105022942145642
2090,0.8791528013707897,0.9104556798188516
2091,0.8790995933144143,0.9104090643105444
2092,0.8790463863694407,0.9103624476903631
2093,0.878993180535174,0.9103158299590066
2094,0.8789399758109071,0.9102692111171713
2095,0.8788867721959289,0.9102225911655624
2096,0.8788335696895611,0.9101759701048908
2097,0.878780368291085,0.9101293479358359
2098,0.8787271679998158,0.9100827246591141
2099,0.8786739688150552,0.9100361002754123
2100,0.878620770736093,0.909989474785427
2101,0.8785675737622343,0.9099428481898673
2102,0.8785143778927994,0.9098962204894266
2103,0.878461183127086,0.9098495916847891
2104,0.8784079894644099,0.9098029617766531
2105,0.8783547969040535,0.9097563307657048
2106,0.8783016054453541,0.9097096986526573
2107,0.8782484150875894,0.9096630654381783
2108,0.8781952258301092,0.9096164311229848
2109,0.8781420376721868,0.9095697957077322
2110,0.8780888506131486,0.9095231591931411
2111,0.8780356646523093,0.9094765215798881
2112,0.8779824797889821,0.9094298828686567
2113,0.8779292960224773,0.9093832430601358
2114,0.8778761133521128,0.9093366021550131
2115,0.8778229317771952,0.9092899601539708
2116,0.8777697512970478,0.9092433170577002
2117,0.8777165719109928,0.9091966728668799
2118,0.8776633936183408,0.9091500275821874
2119,0.8776102164184014,0.9091033812043108
2120,0.8775570403105004,0.9090567337339392
2121,0.8775038652939636,0.9090100851717464
2122,0.877450691368124,0.908963435518409
2123,0.8773975185322856,0.9089167847745939
2124,0.8773443467857606,0.9088701329409947
2125,0.8772911761278983,0.9088234800182974
2126,0.8772380065580084,0.9087768260071563
2127,0.8771848380754287,0.908730170908259
2128,0.8771316706794595,0.9086835147222693
2129,0.8770785043694461,0.9086368574498829
2130,0.8770253391446962,0.908590199091757
2131,0.8769721750045738,0.9085435396485808
2132,0.8769190119483855,0.9084968791209953
2133,0.876865849975457,0.908450217509691
2134,0.876812689085133,0.90840355481534
2135,0.8767595292767193,0.9083568910386001
2136,0.87670637054957,0.9083102261801612
2137,0.8766532129030107,0.9082635602406725
2138,0.8766000563363852,0.9082168932208073
2139,0.8765469008490104,0.9081702251212225
2140,0.8764937464402321,0.9081235559425982
2141,0.8764405931093862,0.9080768856855904
2142,0.8763874408558002,0.9080302143508628
2143,0.8763342896788213,0.9079835419390859
2144,0.8762811395777879,0.9079368684509145
2145,0.8762279905520204,0.9078901938870086
2146,0.8761748426008774,0.9078435182480465
2147,0.8761216957237008,0.90779684153467
2148,0.8760685499198231,0.9077501637475397
2149,0.8760154051885974,0.9077034848873193
2150,0.8759622615293401,0.9076568049546586
2151,0.8759091189414169,0.9076101239502358
2152,0.8758559774241659,0.9075634418746893
2153,0.8758028369769455,0.9075167587286795
2154,0.8757496975990695,0.9074700745128492
2155,0.8756965592899184,0.9074233892278801
2156,0.87564342204881,0.9073767028743964
2157,0.8755902858751096,0.9073300154530751
2158,0.8755371507681758,0.907283326964554
2159,0.8754840167273324,0.9072366374094752
2160,0.875430883751951,0.9071899467885113
2161,0.8753777518413588,0.9071432551022939
2162,0.875324620994934,0.9070965623514902
2163,0.8752714912120079,0.9070498685367272
2164,0.8752183624919535,0.9070031736586706
2165,0.8751652348340985,0.906956477717949
2166,0.8751121082378215,0.90690978071523
2167,0.8750589827024655,0.9068630826511397
2168,0.8750058582273857,0.9068163835263329
2169,0.8749527348119405,0.9067696833414532
2170,0.87489961245551,0.9067229820971429
2171,0.8748464911574124,0.9066762797940242
2172,0.8747933709170339,0.9066295764327734
2173,0.8747402517337177,0.9065828720140074
2174,0.8746871336068383,0.9065361665383812
2175,0.8746340165357454,0.9064894600065212
2176,0.874580900519831,0.9064427524190758
2177,0.8745277855584043,0.9063960437766576
2178,0.8744746716508736,0.9063493340799493
2179,0.8744215587965756,0.9063026233295491
2180,0.8743684469948976,0.9062559115261154
2181,0.8743153362451844,0.9062091986702638
2182,0.8742622265468221,0.9061624847626468
2183,0.8742091178991535,0.9061157698038814
2184,0.8741560103015743,0.9060690537946197
2185,0.8741029037534168,0.906022336735471
2186,0.8740497982540945,0.9059756186270963
2187,0.8739966938029401,0.9059288994700886
2188,0.8739435903993374,0.9058821792651106
2189,0.873890488042676,0.9058354580127795
2190,0.8738373867322837,0.9057887357137079
2191,0.8737842864675783,0.9057420123685613
2192,0.8737311872479062,0.9056952879779289
2193,0.8736780890726585,0.9056485625424594
2194,0.8736249919411816,0.9056018360627647
2195,0.8735718958528765,0.9055551085394921
2196,0.8735188008071209,0.9055083799732465
2197,0.8734657068032774,0.9054616503646491
2198,0.8734126138407249,0.9054149197143344
2199,0.8733595219188572,0.9053681880229241
2200,0.8733064310370353,0.9053214552910265
2201,0.8732533411946548,0.905274721519277
2202,0.87320025239107,0.905227986708283
2203,0.8731471646256876,0.9051812508586858
2204,0.873094077897873,0.9051345139710812
2205,0.8730409922070272,0.9050877760461034
2206,0.8729879075525278,0.9050410370843517
2207,0.8729348239337301,0.9049942970864483
2208,0.8728817413500625,0.9049475560530337
2209,0.8728286598008745,0.904900813984685
2210,0.8727755792855794,0.9048540708820475
2211,0.8727224998035384,0.9048073267457126
2212,0.8726694213541496,0.9047605815763138
2213,0.8726163439368075,0.9047138353744546
2214,0.8725632675508949,0.9046670881407419
2215,0.8725101921957907,0.9046203398757912
2216,0.8724571178709206,0.9045735905802215
2217,0.8724040445756398,0.904526840254613
2218,0.8723509723093401,0.9044800888996045
2219,0.8722979010714198,0.9044333365158044
2220,0.8722448308612751,0.9043865831038146
2221,0.8721917616783196,0.9043398286642393
2222,0.872138693521907,0.9042930731976673
2223,0.8720856263914566,0.9042463167047403
2224,0.8720325602863558,0.9041995591860401
2225,0.8719794952060105,0.9041528006421793
2226,0.8719264311498153,0.9041060410737524
2227,0.8718733681171712,0.9040592804813653
2228,0.8718203061074317,0.9040125188656171
2229,0.8717672451200428,0.9039657562271461
2230,0.8717141851544119,0.9039189925665143
2231,0.871661126209906,0.9038722278843146
2232,0.8716080682859394,0.9038254621811755
2233,0.8715550113819149,0.9037786954576839
2234,0.8715019554972345,0.903731927714438
2235,0.8714489006312993,0.9036851589520342
2236,0.8713958467834991,0.9036383891710716
2237,0.8713427939532716,0.9035916183721582
2238,0.8712897421399959,0.9035448465558606
2239,0.8712366913430694,0.903498073722796
2240,0.8711836415619268,0.9034512998735651
2241,0.871130592795974,0.9034045250087385
2242,0.8710775450445783,0.9033577491289083
2243,0.8710244983071634,0.9033109722347027
2244,0.8709714525831718,0.9032641943266986
2245,0.8709184078719786,0.9032174154054594
2246,0.8708653641729982,0.9031706354716031
2247,0.8708123214856527,0.9031238545257181
2248,0.8707592798093368,0.9030770725683818
2249,0.8707062391434831,0.9030302896001973
2250,0.8706531994874852,0.9029835056217358
2251,0.870600160840757,0.9029367206335996
2252,0.870547123202741,0.9028899346363748
2253,0.8704940865728231,0.9028431476306232
2254,0.8704410509504171,0.9027963596169547
2255,0.8703880163349484,0.9027495705959536
2256,0.870334982725832,0.9027027805681982
2257,0.8702819501224749,0.9026559895342707
2258,0.8702289185243224,0.9026091974947638
2259,0.870175887930764,0.9025624044502354
2260,0.8701228583412274,0.9025156104012917
2261,0.8700698297551323,0.9024688153485065
2262,0.8700168021719085,0.9024220192924595
2263,0.8699637755909685,0.9023752222337217
2264,0.869910750011734,0.9023284241728801
2265,0.8698577254336203,0.9022816251105111
2266,0.8698047018560523,0.9022348250472001
2267,0.8697516792784667,0.9021880239835209
2268,0.8696986577002712,0.9021412219200403
2269,0.8696456371208968,0.9020944188573459
2270,0.8695926175397735,0.9020476147960089
2271,0.8695395989563158,0.9020008097365987
2272,0.8694865813699767,0.9019540036797
2273,0.8694335647801452,0.9019071966258623
2274,0.869380549186269,0.901860388575692
2275,0.8693275345877692,0.9018135795297433
2276,0.869274520984098,0.9017667694885929
2277,0.8692215083746416,0.9017199584527937
2278,0.8691684967588857,0.9016731464229522
2279,0.869115486136211,0.9016263333995906
2280,0.8690624765060604,0.9015795193833198
2281,0.8690094678679056,0.9015327043746999
2282,0.8689564602211164,0.9014858883742634
2283,0.8689034535651713,0.9014390713826319
2284,0.8688504478994828,0.9013922534003332
2285,0.8687974432235054,0.9013454344279516
2286,0.8687444395366484,0.9012986144660338
2287,0.8686914368383711,0.9012517935151693
2288,0.8686384351280891,0.9012049715758987
2289,0.8685854344052577,0.9011581486488057
2290,0.868532434669299,0.9011113247344364
2291,0.8684794359196739,0.9010644998333671
2292,0.8684264381557911,0.9010176739461389
2293,0.8683734413771004,0.9009708470733386
2294,0.8683204455830541,0.9009240192155191
2295,0.8682674507730704,0.9008771903732274
2296,0.8682144569466186,0.9008303605470438
2297,0.8681614641031337,0.9007835297375023
2298,0.8681084722420339,0.9007366979451664
2299,0.8680554813627904,0.9006898651706136
2300,0.8680024914648196,0.9006430314143776
2301,0.8679495025475906,0.9005961966770375
2302,0.867896514610537,0.9005493609591285
2303,0.8678435276530966,0.9005025242612135
2304,0.8677905416747511,0.9004556865838539
2305,0.8677375566748976,0.9004088479275734
2306,0.867684572653016,0.9003620082929681
2307,0.8676315896085313,0.9003151676805619
2308,0.8675786075409124,0.9002683260909252
2309,0.8675256264495935,0.9002214835245936
2310,0.8674726463340335,0.9001746399821298
2311,0.867419667193675,0.9001277954640768
2312,0.867366689027986,0.9000809499709888
2313,0.8673137118363892,0.9000341035034023
2314,0.8672607356183532,0.8999872560618883
2315,0.8672077603733486,0.8999404076469827
2316,0.8671547861007848,0.899893558259216
2317,0.8671018128001537,0.8998467078991714
2318,0.8670488404708843,0.8997998565673632
2319,0.8669958691124577,0.8997530042643594
2320,0.8669428987243046,0.8997061509906811
2321,0.8668899293058875,0.899659296746895
2322,0.8668369608566662,0.8996124415335385
2323,0.8667839933760859,0.8995655853511525
2324,0.8667310268636353,0.8995187282002899
2325,0.8666780613187429,0.8994718700814647
2326,0.8666250967408694,0.8994250109952467
2327,0.8665721331294924,0.8993781509421735
2328,0.8665191704840556,0.89933128992277
2329,0.8664662088040287,0.8992844279375902
2330,0.8664132480888664,0.8992375649871659
2331,0.8663602883380315,0.8991907010720404
2332,0.8663073295510006,0.8991438361927516
2333,0.8662543717271989,0.8990969703498244
2334,0.8662014148661257,0.8990501035438282
2335,0.8661484589672477,0.8990032357752686
2336,0.8660955040299984,0.8989563670446796
2337,0.8660425500538665,0.8989094973526212
2338,0.8659895970383196,0.8988626266996093
2339,0.8659366449827994,0.8988157550861778
2340,0.8658836938867754,0.898768882512879
2341,0.8658307437497635,0.8987220089802433
2342,0.8657777945711679,0.8986751344887633
2343,0.8657248463504975,0.8986282590390244
2344,0.8656718990872095,0.8985813826315243
2345,0.8656189527807588,0.8985345052668026
2346,0.8655660074306549,0.8984876269454031
2347,0.8655130630363174,0.8984407476678212
2348,0.865460119597251,0.8983938674346298
2349,0.8654071771129294,0.8983469862463295
2350,0.8653542355828019,0.8983001041034464
2351,0.8653012950063566,0.8982532210065263
2352,0.865248355383068,0.8982063369560846
2353,0.8651954167124098,0.8981594519526455
2354,0.8651424789938424,0.8981125659967374
2355,0.8650895422268728,0.8980656790888948
2356,0.8650366064109376,0.8980187912296175
2357,0.8649836715455314,0.8979719024194612
2358,0.8649307376301437,0.8979250126589357
2359,0.8648778046642259,0.8978781219485507
2360,0.8648248726472748,0.8978312302888519
2361,0.8647719415787569,0.8977843376803463
2362,0.8647190114581654,0.8977374441235636
2363,0.8646660822849722,0.8976905496190145
2364,0.8646131540586588,0.8976436541672241
2365,0.8645602267786934,0.8975967577687111
2366,0.8645073004445635,0.8975498604240058
2367,0.8644543750557742,0.8975029621336208
2368,0.8644014506117803,0.8974560628980555
2369,0.8643485271120558,0.8974091627178492
2370,0.8642956045561109,0.897362261593528
2371,0.864242682943436,0.8973153595255846
2372,0.8641897622734809,0.8972684565145295
2373,0.8641368425457537,0.8972215525609079
2374,0.8640839237597221,0.8971746476652143
2375,0.8640310059148909,0.8971277418279787
2376,0.8639780890107557,0.8970808350496982
2377,0.8639251730467715,0.8970339273308793
2378,0.8638722580224413,0.8969870186720618
2379,0.8638193439372578,0.8969401090737449
2380,0.8637664307907035,0.8968931985364355
2381,0.8637135185822795,0.8968462870606508
2382,0.8636606073114568,0.8967993746468916
2383,0.8636076969777268,0.8967524612956832
2384,0.8635547875805981,0.896705547007534
2385,0.8635018791195614,0.8966586317829381
2386,0.8634489715940766,0.8966117156224058
2387,0.8633960650036724,0.8965647985264701
2388,0.8633431593478179,0.8965178804956092
2389,0.8632902546260415,0.896470961530349
2390,0.8632373508377833,0.8964240416311675
2391,0.8631844479825719,0.8963771207986153
2392,0.8631315460599058,0.8963301990331691
2393,0.8630786450692554,0.8962832763353299
2394,0.8630257450101493,0.8962363527056257
2395,0.8629728458820574,0.8961894281445303
2396,0.8629199476844795,0.8961425026525704
2397,0.8628670504169367,0.8960955762302459
2398,0.8628141540789096,0.8960486488780406
2399,0.8627612586698895,0.8960017205964698
2400,0.8627083641893787,0.89595479138604
2401,0.8626554706368995,0.895907861247251
2402,0.8626025780119263,0.8958609301805834
2403,0.8625496863139623,0.8958139981865588
2404,0.862496795542503,0.8957670652656734
2405,0.8624439056970842,0.8957201314184303
2406,0.8623910167771726,0.8956731966452999
2407,0.8623381287822862,0.8956262609468104
2408,0.862285241711924,0.8955793243234437
2409,0.8622323555655959,0.8955323867757022
2410,0.8621794703428132,0.8954854483040753
2411,0.8621265860430393,0.8954385089090532
2412,0.8620737026658268,0.8953915685911658
2413,0.8620208202106617,0.8953446273508686
2414,0.8619679386770503,0.8952976851886709
2415,0.8619150580645009,0.8952507421050668
2416,0.8618621783725233,0.8952037981005477
2417,0.8618092996006194,0.8951568531756049
2418,0.861756421748301,0.8951099073307345
2419,0.8617035448150738,0.8950629605664256
2420,0.8616506688004538,0.8950160128831718
2421,0.8615977937039597,0.8949690642814578
2422,0.8615449195250723,0.8949221147617659
2423,0.8614920462633235,0.8948751643246106
2424,0.8614391739182174,0.8948282129704639
2425,0.8613863024892707,0.8947812606998191
2426,0.8613334319759921,0.8947343075131612
2427,0.8612805623778924,0.8946873534109806
2428,0.8612276936945039,0.8946403983937654
2429,0.8611748259253232,0.8945934424619864
2430,0.8611219590698573,0.8945464856161447
2431,0.861069093127627,0.8944995278567306
2432,0.8610162280981447,0.894452569184226
2433,0.8609633639809556,0.8944056095991159
2434,0.8609105007755281,0.8943586491018608
2435,0.8608576384814121,0.8943116876929843
2436,0.8608047770981214,0.8942647253729414
2437,0.8607519166251623,0.8942177621422175
2438,0.860699057062063,0.8941707980013045
2439,0.8606461984083268,0.8941238329506758
2440,0.8605933406634971,0.8940768669908258
2441,0.8605404838270629,0.8940299001222128
2442,0.8604876278985745,0.8939829323453461
2443,0.8604347728775366,0.893935963660677
2444,0.8603819187634755,0.8938889940687
2445,0.8603290655559124,0.8938420235698876
2446,0.8602762132543617,0.8937950521647198
2447,0.8602233618583601,0.8937480798536812
2448,0.8601705113674081,0.8937011066372356
2449,0.8601176617810603,0.8936541325158798
2450,0.8600648130988242,0.893607157490064
2451,0.8600119653202114,0.8935601815602773
2452,0.8599591184447659,0.8935132047270063
2453,0.8599062724720077,0.8934662269907095
2454,0.8598534274014579,0.8934192483518668
2455,0.859800583232644,0.893372268810955
2456,0.859747739965105,0.8933252883684475
2457,0.8596948975983656,0.8932783070248057
2458,0.8596420561319242,0.893231324780506
2459,0.8595892155653423,0.8931843416360443
2460,0.8595363758981557,0.893137357591865
2461,0.8594835371298557,0.8930903726484314
2462,0.8594306992599864,0.8930433868062476
2463,0.8593778622881063,0.8929964000657717
2464,0.8593250262136998,0.8929494124274479
2465,0.8592721910363329,0.8929024238917858
2466,0.8592193567555384,0.8928554344592248
2467,0.8591665233708224,0.8928084441302313
2468,0.8591136908817365,0.8927614529052947
2469,0.8590608592877955,0.8927144607848678
2470,0.8590080285885606,0.8926674677694313
2471,0.8589551987835456,0.8926204738594291
2472,0.8589023698722912,0.8925734790553431
2473,0.8588495418543417,0.8925264833576342
2474,0.858796714729206,0.8924794867667591
2475,0.8587438884964492,0.8924324892832041
2476,0.8586910631555905,0.8923854909074103
2477,0.858638238706164,0.8923384916398532
2478,0.858585415147719,0.8922914914810002
2479,0.8585325924797906,0.8922444904313027
2480,0.8584797707019182,0.8921974884912253
2481,0.8584269498136172,0.8921504856612285
2482,0.8583741298144776,0.8921034819417929
2483,0.8583213107039653,0.8920564773333368
2484,0.8582684924816815,0.8920094718363826
2485,0.8582156751471626,0.8919624654513373
2486,0.8581628586999208,0.8919154581786655
2487,0.8581100431394939,0.8918684500188492
2488,0.8580572284654753,0.891821440972351
2489,0.8580044146773438,0.8917744310395842
2490,0.857951601774684,0.89172742022106
2491,0.8578987897570265,0.891680408517201
2492,0.8578459786238981,0.8916333959284732
2493,0.8577931683748806,0.8915863824553487
2494,0.8577403590094823,0.8915393680982504
2495,0.8576875505272776,0.8914923528576645
2496,0.8576347429277669,0.89144533673402
2497,0.8575819362105658,0.8913983197278116
2498,0.8575291303751572,0.8913513018394326
2499,0.8574763254210999,0.8913042830693899
2500,0.8574235213479888,0.891257263418127
2501,0.8573707181553054,0.8912102428860564
2502,0.8573179158426373,0.8911632214736863
2503,0.8572651144095285,0.8911161991814347
2504,0.8572123138554993,0.8910691760097564
2505,0.8571595141801469,0.8910221519591273
2506,0.8571067153829852,0.8909751270299571
2507,0.8570539174635842,0.8909281012227259
2508,0.8570011204214911,0.890881074537867
2509,0.856948324256239,0.8908340469758322
2510,0.8568955289673992,0.8907870185370852
2511,0.8568427345545381,0.8907399892220582
2512,0.8567899410171604,0.8906929590311867
2513,0.8567371483548468,0.8906459279649582
2514,0.8566843565671759,0.8905988960237958
2515,0.8566315656536625,0.8905518632081252
2516,0.8565787756138785,0.8905048295184259
2517,0.8565259864473734,0.8904577949551269
2518,0.8564731981536946,0.8904107595186794
2519,0.8564204107324243,0.8903637232095347
2520,0.8563676241830751,0.8903166860281121
2521,0.8563148385052539,0.8902696479748957
2522,0.8562620536984874,0.8902226090502834
2523,0.8562092697623391,0.8901755692547444
2524,0.8561564866963787,0.8901285285887174
2525,0.8561037045001353,0.890081487052632
2526,0.8560509231731842,0.890034444646957
2527,0.8559981427150992,0.8899874013721176
2528,0.8559453631254114,0.8899403572285425
2529,0.8558925844036898,0.8898933122166969
2530,0.8558398065495207,0.8898462663370124
2531,0.8557870295624395,0.8897992195899063
2532,0.8557342534420078,0.8897521719758392
2533,0.8556814781877959,0.8897051234952505
2534,0.855628703799353,0.8896580741485687
2535,0.8555759302762549,0.8896110239362454
2536,0.8555231576180662,0.8895639728587047
2537,0.8554703858243193,0.8895169209163829
2538,0.855417614894626,0.8894698681097423
2539,0.8553648448285239,0.8894228144391791
2540,0.8553120756255816,0.8893757599051497
2541,0.8552593072853544,0.8893287045080879
2542,0.8552065398074161,0.8892816482484357
2543,0.8551537731913493,0.8892345911266208
2544,0.855101007436705,0.8891875331430622
2545,0.855048242543033,0.8891404742982075
2546,0.8549954785099311,0.8890934145925039
2547,0.8549427153369359,0.8890463540263585
2548,0.8548899530236534,0.8889992926002285
2549,0.8548371915696067,0.8889522303145149
2550,0.8547844309744196,0.8889051671696856
2551,0.8547316712376131,0.8888581031661273
2552,0.8546789123587585,0.8888110383043107
2553,0.8546261543374645,0.8887639725846648
2554,0.8545733971732806,0.8887169060075855
2555,0.8545206408657637,0.8886698385735209
2556,0.8544678854145097,0.8886227702829124
2557,0.8544151308190553,0.8885757011361662
2558,0.854362377079015,0.8885286311337413
2559,0.8543096241939422,0.8884815602760288
2560,0.854256872163411,0.8884344885634723
2561,0.8542041209869832,0.8883874159964984
2562,0.8541513706642613,0.8883403425755423
2563,0.8540986211947763,0.8882932683010066
2564,0.8540458725781488,0.8882461931733541
2565,0.8539931248139297,0.8881991171929684
2566,0.8539403779016778,0.888152040360298
2567,0.853887631841013,0.888104962675779
2568,0.8538348866314842,0.8880578841398
2569,0.8537821422726604,0.8880108047528064
2570,0.8537293987641292,0.8879637245152285
2571,0.8536766561054793,0.8879166434274798
2572,0.8536239142962786,0.8878695614899738
2573,0.8535711733361049,0.8878224787031397
2574,0.8535184332245257,0.8877753950674004
2575,0.8534656939611485,0.8877283105831869
2576,0.8534129555455117,0.8876812252508944
2577,0.8533602179772324,0.8876341390709802
2578,0.8533074812558891,0.8875870520438309
2579,0.8532547453810496,0.8875399641698688
2580,0.8532020103522711,0.8874928754495233
2581,0.8531492761691929,0.8874457858832324
2582,0.8530965428313435,0.8873986954713674
2583,0.8530438103383321,0.8873516042143912
2584,0.8529910786897379,0.8873045121126968
2585,0.8529383478851407,0.8872574191667072
2586,0.8528856179241404,0.8872103253768394
2587,0.8528328888062784,0.8871632307434962
2588,0.8527801605311957,0.887116135267131
2589,0.8527274330984237,0.88706903894811
2590,0.8526747065075961,0.8870219417868936
2591,0.8526219807582551,0.8869748437838558
2592,0.8525692558500154,0.8869277449394478
2593,0.8525165317824411,0.8868806452540594
2594,0.8524638085551481,0.8868335447281219
2595,0.8524110861677032,0.8867864433620242
2596,0.8523583646196934,0.8867393411561961
2597,0.8523056439107174,0.8866922381110505
2598,0.8522529240403537,0.8866451342269918
2599,0.8522002050082035,0.8865980295044366
2600,0.8521474868138381,0.886550923943788
2601,0.8520947694568499,0.8865038175454709
2602,0.8520420529368331,0.8864567103098938
2603,0.8519893372534022,0.8864096022374627
2604,0.8519366224061142,0.8863624933285654
2605,0.8518839083945559,0.8863153835836415
2606,0.8518311952183472,0.8862682730031032
2607,0.8517784828770675,0.8862211615873338
2608,0.8517257713703097,0.8861740493367527
2609,0.8516730606976564,0.8861269362517668
2610,0.8516203508587229,0.8860798223327913
2611,0.8515676418530849,0.8860327075802144
2612,0.8515149336803418,0.8859855919944576
2613,0.8514622263400721,0.8859384755759228
2614,0.8514095198318979,0.8858913583250291
2615,0.8513568141553826,0.885844240242157
2616,0.8513041093101607,0.8857971213277397
2617,0.851251405295789,0.8857500015821472
2618,0.8511987021119074,0.8857028810058181
2619,0.8511459997580653,0.8856557595991177
2620,0.8510932982338758,0.8856086373624903
2621,0.851040597538964,0.885561514296325
2622,0.8509878976728856,0.8855143904010002
2623,0.8509351986352607,0.8854672656769533
2624,0.8508825004256795,0.8854201401245692
2625,0.8508298030437556,0.8853730137442549
2626,0.8507771064890741,0.8853258865363998
2627,0.8507244107612432,0.8852787585014152
2628,0.8506717158598527,0.8852316296396963
2629,0.8506190217845042,0.8851844999516494
2630,0.8505663285348035,0.8851373694376736
2631,0.8505136361103577,0.8850902380981649
2632,0.8504609445107458,0.8850431059335158
2633,0.8504082537356009,0.8849959729441437
2634,0.8503555637844974,0.8849488391304213
2635,0.8503028746570633,0.8849017044927691
2636,0.8502501863528678,0.8848545690315621
2637,0.8501974988715442,0.8848074327472272
2638,0.8501448122126782,0.8847602956401346
2639,0.8500921263758878,0.884713157710697
2640,0.8500394413607749,0.8846660189592956
2641,0.8499867571669223,0.8846188793863319
2642,0.8499340737939679,0.8845717389922165
2643,0.8498813912415017,0.8845245977773178
2644,0.8498287095091257,0.8844774557420441
2645,0.8497760285964471,0.8844303128867899
2646,0.849723348503074,0.884383169211951
2647,0.8496706692286182,0.8843360247179172
2648,0.8496179907726861,0.8842888794050787
2649,0.8495653131348753,0.8842417332738285
2650,0.8495126363148084,0.8841945863245668
2651,0.8494599603120795,0.8841474385576743
2652,0.8494072851263179,0.884100289973553
2653,0.8493546107571047,0.8840531405725782
2654,0.8493019372040653,0.8840059903551633
2655,0.8492492644668282,0.8839588393216855
2656,0.8491965925449553,0.8839116874725188
2657,0.8491439214381129,0.8838645348080935
2658,0.8490912511458696,0.8838173813287534
2659,0.8490385816678481,0.8837702270349216
2660,0.8489859130036858,0.8837230719269776
2661,0.8489332451529416,0.8836759160052882
2662,0.8488805781152703,0.8836287592702856
2663,0.848827911890269,0.8835816017223213
2664,0.8487752464775797,0.8835344433617961
2665,0.8487225818767677,0.8834872841890712
2666,0.8486699180874722,0.8834401242045757
2667,0.8486172551093061,0.8833929634086731
2668,0.8485645929418971,0.8833458018017499
2669,0.8485119315848361,0.8832986393841815
2670,0.8484592710377484,0.8832514761563716
2671,0.8484066113002534,0.8832043121186974
2672,0.8483539523719643,0.88315714727154
2673,0.8483012942524893,0.8831099816152842
2674,0.8482486369414703,0.8830628151503217
2675,0.848195980438493,0.8830156478770149
2676,0.8481433247431783,0.8829684797957715
2677,0.8480906698551811,0.882921310906973
2678,0.8480380157740699,0.8828741412109677
2679,0.8479853624994886,0.8828269707081822
2680,0.847932710031056,0.8827797993989741
2681,0.8478800583684044,0.8827326272837257
2682,0.8478274075111097,0.8826854543628049
2683,0.8477747574588351,0.8826382806366313
2684,0.8477221082111865,0.8825911061055464
2685,0.8476694597677846,0.8825439307699433
2686,0.8476168121282551,0.8824967546302007
2687,0.8475641652921884,0.8824495776866932
2688,0.8475115192592497,0.8824023999398254
2689,0.847458874029029,0.8823552213899394
2690,0.8474062296011818,0.8823080420374398
2691,0.8473535859752864,0.8822608618826759
2692,0.8473009431510089,0.8822136809260637
2693,0.8472483011279478,0.8821664991679419
2694,0.8471956599057385,0.8821193166087077
2695,0.8471430194839802,0.8820721332487291
2696,0.8470903798623282,0.8820249490884023
2697,0.8470377410404123,0.8819777641280769
2698,0.8469851030178172,0.8819305783681234
2699,0.846932465794203,0.8818833918089505
2700,0.8468798293691758,0.8818362044509037
2701,0.8468271937423761,0.8817890162943745
2702,0.8467745589134197,0.8817418273397233
2703,0.8467219248819484,0.8816946375873319
2704,0.8466692916475691,0.881647447037562
2705,0.8466166592099239,0.8816002556908036
2706,0.8465640275686409,0.8815530635474166
2707,0.8465113967233323,0.8815058706077725
2708,0.8464587666736484,0.8814586768722559
2709,0.8464061374192028,0.8814114823412211
2710,0.8463535089596353,0.8813642870150512
2711,0.8463008812945614,0.8813170908941073
2712,0.8462482544236233,0.8812698939787733
2713,0.8461956283464473,0.8812226962694074
2714,0.8461430030626463,0.8811754977663837
2715,0.8460903785718896,0.8811282984700857
2716,0.8460377548737917,0.8810810983808487
2717,0.8459851319679623,0.8810338974990581
2718,0.8459325098540682,0.8809866958250993
2719,0.8458798885317009,0.8809394933593104
2720,0.8458272680005299,0.8808922901020944
2721,0.8457746482601587,0.8808450860537879
2722,0.8457220293102584,0.880797881214781
2723,0.8456694111504446,0.8807506755854088
2724,0.8456167937803305,0.8807034691660528
2725,0.8455641771995747,0.8806562619570985
2726,0.8455115614077922,0.8806090539588877
2727,0.8454589464046343,0.8805618451718054
2728,0.845406332189739,0.8805146355961999
2729,0.8453537187627298,0.8804674252324357
2730,0.8453011061232473,0.8804202140808863
2731,0.8452484942709277,0.8803730021419122
2732,0.8451958832054045,0.880325789415876
2733,0.8451432729263174,0.8802785759031444
2734,0.845090663433302,0.880231361604079
2735,0.845038054726012,0.8801841465190422
2736,0.8449854468040553,0.880136930648383
2737,0.8449328396670783,0.8800897139924891
2738,0.8448802333147446,0.8800424965517168
2739,0.844827627746672,0.8799952783264037
2740,0.844775022962497,0.8799480593169292
2741,0.8447224189618722,0.8799008395236568
2742,0.844669815744417,0.8798536189469361
2743,0.8446172133097988,0.8798063975871437
2744,0.84456461165764,0.8797591754446166
2745,0.8445120107875703,0.8797119525197308
2746,0.8444594106992679,0.8796647288128527
2747,0.8444068113923257,0.8796175043243105
2748,0.844354212866436,0.8795702790545042
2749,0.8443016151212066,0.879523053003748
2750,0.844249018156303,0.8794758261724298
2751,0.8441964219713366,0.8794285985608875
2752,0.8441438265659879,0.8793813701695046
2753,0.8440912319398634,0.8793341409986049
2754,0.844038638092637,0.879286911048579
2755,0.8439860450239299,0.8792396803197551
2756,0.8439334527334111,0.8791924488125091
2757,0.8438808612206854,0.8791452165271754
2758,0.8438282704854476,0.8790979834641439
2759,0.8437756805273072,0.8790507496237265
2760,0.8437230913459232,0.8790035150063085
2761,0.843670502940951,0.878956279612233
2762,0.8436179153120128,0.878909043441845
2763,0.8435653284587602,0.8788618064955189
2764,0.8435127423808718,0.8788145687736051
2765,0.8434601570779731,0.878767330276428
2766,0.8434075725496768,0.8787200910043587
2767,0.8433549887956849,0.8786728509577818
2768,0.8433024058156163,0.8786256101369991
2769,0.8432498236091382,0.8785783685423901
2770,0.8431972421758742,0.8785311261742899
2771,0.8431446615154975,0.8784838830330701
2772,0.8430920816276376,0.8784366391190623
2773,0.843039502511984,0.8783893944326338
2774,0.8429869241681204,0.878342148974099
2775,0.8429343465957425,0.8782949027438666
2776,0.8428817697945018,0.8782476557422458
2777,0.842829193764028,0.8782004079695861
2778,0.8427766185040008,0.8781531594262549
2779,0.8427240440140449,0.8781059101125754
2780,0.8426714702938145,0.8780586600289194
2781,0.8426188973429835,0.8780114091756335
2782,0.8425663251611918,0.8779641575530465
2783,0.8425137537480779,0.8779169051615155
2784,0.8424611831033101,0.8778696520014008
2785,0.8424086132265428,0.8778223980730364
2786,0.8423560441174212,0.8777751433767671
2787,0.8423034757756173,0.8777278879129472
2788,0.8422509082007608,0.8776806316819077
2789,0.8421983413925321,0.8776333746840135
2790,0.8421457753505581,0.8775861169195884
2791,0.8420932100745256,0.8775388583890025
2792,0.842040645564048,0.8774915990925722
2793,0.8419880818188301,0.8774443390306785
2794,0.8419355188385031,0.8773970782036231
2795,0.8418829566227067,0.8773498166117712
2796,0.8418303951711215,0.8773025542554809
2797,0.8417778344834154,0.8772552911350746
2798,0.8417252745592037,0.8772080272508862
2799,0.841672715398193,0.8771607626032946
2800,0.8416201570000175,0.877113497192598
2801,0.8415675993643195,0.877066231019161
2802,0.8415150424907819,0.8770189640833385
2803,0.841462486379055,0.8769716963854503
2804,0.8414099310288093,0.8769244279258457
2805,0.8413573764396933,0.8768771587048533
2806,0.8413048226113543,0.8768298887228259
2807,0.8412522695434697,0.876782617980113
2808,0.8411997172357057,0.8767353464770399
2809,0.8411471656877069,0.8766880742139402
2810,0.8410946148991373,0.8766408011911679
2811,0.8410420648696816,0.8765935274090595
2812,0.8409895155989606,0.8765462528679318
2813,0.8409369670866678,0.8764989775681596
2814,0.8408844193324427,0.8764517015100544
2815,0.8408318723359668,0.8764044246939722
2816,0.8407793260968996,0.8763571471202336
2817,0.8407267806149007,0.8763098687891794
2818,0.8406742358896276,0.8762625897011498
2819,0.840621691920749,0.8762153098564862
2820,0.8405691487079422,0.8761680292555191
2821,0.8405166062508542,0.8761207478985741
2822,0.8404640645491513,0.8760734657860021
2823,0.8404115236025202,0.8760261829181362
2824,0.8403589834105855,0.875978899295292
2825,0.8403064439730423,0.8759316149178418
2826,0.8402539052895468,0.8758843297860917
2827,0.8402013673597627,0.8758370439003842
2828,0.8401488301833747,0.8757897572610579
2829,0.8400962937600371,0.8757424698684274
2830,0.8400437580893926,0.8756951817228383
2831,0.8399912231711568,0.8756478928246441
2832,0.8399386890049616,0.8756006031741355
2833,0.8398861555904916,0.8755533127716753
2834,0.8398336229273885,0.8755060216175826
2835,0.8397810910153684,0.8754587297122105
2836,0.8397285598540621,0.8754114370558499
2837,0.8396760294431331,0.8753641436488642
2838,0.8396234997822865,0.8753168494915899
2839,0.8395709708711533,0.8752695545843263
2840,0.8395184427094394,0.8752222589274365
2841,0.8394659152967872,0.8751749625212207
2842,0.8394133886328801,0.8751276653660317
2843,0.8393608627174036,0.8750803674621876
2844,0.8393083375499801,0.8750330688100054
2845,0.8392558131303356,0.8749857694098562
2846,0.8392032894580934,0.8749384692620198
2847,0.8391507665329813,0.8748911683668683
2848,0.8390982443546111,0.87484386672468
2849,0.8390457229227019,0.8747965643358347
2850,0.838993202236919,0.874749261200621
2851,0.8389406822969082,0.8747019573193708
2852,0.8388881631023674,0.8746546526924366
2853,0.8388356446529539,0.8746073473201205
2854,0.8387831269483568,0.8745600412027658
2855,0.8387306099882337,0.8745127343406847
2856,0.8386780937722753,0.8744654267342167
2857,0.8386255783001618,0.8744181183836732
2858,0.8385730635715419,0.8743708092893752
2859,0.8385205495861195,0.8743234994516697
2860,0.8384680363435345,0.8742761888708568
2861,0.8384155238435016,0.8742288775472921
2862,0.8383630120856739,0.8741815654812662
2863,0.8383105010697456,0.8741342526731216
2864,0.8382579907953618,0.8740869391231677
2865,0.8382054812622298,0.8740396248317548
2866,0.8381529724700155,0.8739923097991787
2867,0.8381004644183977,0.8739449940257729
2868,0.8380479571070344,0.8738976775118579
2869,0.8379954505356476,0.873850360257774
2870,0.837942944703887,0.8738030422638037
2871,0.8378904396114348,0.8737557235302935
2872,0.8378379352579639,0.8737084040575629
2873,0.8377854316431695,0.8736610838459373
2874,0.8377329287667168,0.8736137628957231
2875,0.8376804266282813,0.8735664412072542
2876,0.8376279252275622,0.8735191187808533
2877,0.8375754245642177,0.8734717956168238
2878,0.8375229246379594,0.8734244717155055
2879,0.8374704254484376,0.8733771470771892
2880,0.8374179269953453,0.8733298217022223
2881,0.8373654292783574,0.8732824955909113
2882,0.8373129322971805,0.8732351687435823
2883,0.8372604360514596,0.8731878411605315
2884,0.837207940540915,0.8731405128421077
2885,0.8371554457651748,0.873093183788596
2886,0.8371029517239724,0.8730458540003626
2887,0.8370504584169808,0.8729985234776783
2888,0.8369979658438842,0.8729511922208697
2889,0.8369454740043483,0.8729038602302532
2890,0.8368929828980505,0.8728565275061595
2891,0.8368404925247226,0.8728091940489119
2892,0.8367880028840142,0.8727618598587835
2893,0.8367355139755975,0.87271452493612
2894,0.8366830257991885,0.8726671892812475
2895,0.8366305383544528,0.8726198528944551
2896,0.8365780516410788,0.8725725157760733
2897,0.8365255656587459,0.872525177926415
2898,0.8364730804071674,0.8724778393457994
2899,0.8364205958859954,0.8724305000345156
2900,0.8363681120949471,0.8723831599929087
2901,0.8363156290336888,0.8723358192212641
2902,0.8362631467019106,0.8722884777199137
2903,0.8362106650993044,0.8722411354891669
2904,0.8361581842255529,0.8721937925293335
2905,0.836105704080342,0.8721464488407289
2906,0.8360532246633701,0.8720991044236662
2907,0.8360007459743162,0.8720517592784504
2908,0.8359482680128834,0.8720044134053995
2909,0.8358957907787445,0.8719570668048139
2910,0.8358433142715964,0.8719097194770161
2911,0.8357908384911278,0.8718623714223115
2912,0.8357383634370298,0.8718150226410116
2913,0.8356858891089844,0.8717676731334251
2914,0.8356334155066778,0.8717203228998682
2915,0.8355809426298281,0.8716729719406558
2916,0.8355284704780941,0.8716256202560709
2917,0.8354759990512004,0.8715782678464516
2918,0.8354235283488102,0.8715309147120782
2919,0.8353710583706005,0.8714835608532825
2920,0.8353185891163133,0.8714362062703875
2921,0.8352661205856095,0.8713888509636553
2922,0.8352136527781944,0.8713414949334225
2923,0.8351611856937347,0.8712941381799836
2924,0.8351087193319411,0.8712467807036711
2925,0.8350562536925067,0.8711994225047739
2926,0.835003788775147,0.8711520635836001
2927,0.8349513245795085,0.871104703940437
2928,0.8348988611053342,0.8710573435756319
2929,0.8348463983522648,0.8710099824894477
2930,0.8347939363200279,0.8709626206822374
2931,0.8347414750083335,0.8709152581542767
2932,0.8346890144168526,0.8708678949058573
2933,0.8346365545452792,0.870820530937306
2934,0.8345840953933215,0.8707731662489285
2935,0.8345316369606702,0.8707258008410173
2936,0.8344791792469969,0.8706784347138816
2937,0.83442672225204,0.8706310678678466
2938,0.834374265975478,0.870583700303179
2939,0.8343218104170139,0.8705363320201975
2940,0.8342693555763214,0.8704889630192013
2941,0.8342169014531203,0.8704415933005115
2942,0.8341644480471013,0.8703942228644131
2943,0.834111995357959,0.870346851711213
2944,0.8340595433853807,0.8702994798412169
2945,0.8340070921291096,0.8702521072547359
2946,0.8339546415887971,0.8702047339520318
2947,0.8339021917641625,0.8701573599334476
2948,0.8338497426548941,0.8701099851992673
2949,0.8337972942607083,0.8700626097497994
2950,0.8337448465812803,0.8700152335853313
2951,0.8336923996163422,0.8699678567061834
2952,0.8336399533655665,0.8699204791126293
2953,0.8335875078286611,0.8698731008049903
2954,0.8335350630053473,0.8698257217835617
2955,0.8334826188952768,0.8697783420486234
2956,0.8334301754981999,0.869730961600518
2957,0.8333777328137965,0.8696835804395011
2958,0.8333252908417709,0.8696361985658901
2959,0.8332728495818319,0.8695888159799815
2960,0.8332204090336603,0.8695414326820656
2961,0.8331679691969819,0.8694940486724612
2962,0.8331155300714754,0.8694466639514432
2963,0.8330630916568743,0.869399278519331
2964,0.8330106539528641,0.869351892376395
2965,0.8329582169591548,0.8693045055229469
2966,0.8329057806754296,0.8692571179592773
2967,0.8328533451014166,0.8692097296857016
2968,0.8328009102368068,0.8691623407024925
2969,0.8327484760813266,0.8691149510099591
2970,0.8326960426346421,0.8690675606083771
2971,0.8326436098964882,0.869020169498075
2972,0.8325911778665503,0.8689727776793227
2973,0.8325387465445608,0.8689253851524317
2974,0.8324863159301917,0.8688779919176723
2975,0.8324338860231837,0.8688305979753688
2976,0.8323814568232074,0.8687832033257845
2977,0.8323290283300012,0.8687358079692447
2978,0.832276600543243,0.8686884119060152
2979,0.8322241734626498,0.8686410151364137
2980,0.83217174708795,0.8685936176607248
2981,0.8321193214188363,0.8685462194792226
2982,0.8320668964550045,0.8684988205922122
2983,0.8320144721961664,0.8684514209999966
2984,0.8319620486420376,0.8684040207028645
2985,0.8319096257923281,0.8683566197011003
2986,0.8318572036467194,0.8683092179949955
2987,0.8318047822049626,0.8682618155848645
2988,0.8317523614667495,0.8682144124709608
2989,0.8316999414317862,0.868167008653592
2990,0.8316475220997834,0.8681196041330494
2991,0.831595103470437,0.8680721989096241
2992,0.8315426855434767,0.8680247929836182
2993,0.8314902683186179,0.8679773863553033
2994,0.8314378517955477,0.8679299790249658
2995,0.8313854359739906,0.8678825709929143
2996,0.8313330208536536,0.8678351622594269
2997,0.8312806064342282,0.8677877528247961
2998,0.8312281927154849,0.867740342689327
2999,0.8311757796970706,0.8676929318532587
3000,0.8311233673787554,0.867645520316932
3001,0.8310709557601857,0.8675981080805876
3002,0.8310185448411204,0.8675506951445698
3003,0.8309661346212683,0.8675032815091249
3004,0.8309137251003238,0.8674558671745447
3005,0.8308613162780168,0.8674084521411312
3006,0.8308089081540405,0.8673610364091568
3007,0.8307565007281253,0.8673136199789264
3008,0.8307040939999846,0.8672662028507097
3009,0.8306516879693376,0.8672187850247959
3010,0.8305992826358766,0.8671713665014643
3011,0.83054687799933,0.8671239472810218
3012,0.8304944740594337,0.8670765273637393
3013,0.8304420708158521,0.8670291067498853
3014,0.8303896682683515,0.8669816854397882
3015,0.8303372664166183,0.8669342634336873
3016,0.8302848652603769,0.8668868407318938
3017,0.8302324647993446,0.8668394173346837
3018,0.830180065033225,0.86679199324234
3019,0.8301276659617568,0.8667445684551573
3020,0.830075267584622,0.8666971429733996
3021,0.8300228699015603,0.8666497167973807
3022,0.8299704729122969,0.8666022899273638
3023,0.8299180766165491,0.8665548623636243
3024,0.8298656810140107,0.8665074341064448
3025,0.8298132861044221,0.8664600051561282
3026,0.8297608918874876,0.8664125755129373
3027,0.8297084983629482,0.8663651451771663
3028,0.8296561055304761,0.8663177141490774
3029,0.8296037133898239,0.8662702824289908
3030,0.8295513219407286,0.8662228500171592
3031,0.8294989311828694,0.866175416913848
3032,0.8294465411159837,0.8661279831193723
3033,0.829394151739794,0.8660805486339969
3034,0.8293417630540174,0.8660331134579999
3035,0.8292893750583559,0.8659856775916637
3036,0.8292369877525706,0.865938241035284
3037,0.829184601136311,0.865890803789105
3038,0.8291322152094036,0.8658433658534673
3039,0.8290798299714772,0.865795927228559
3040,0.8290274454222957,0.8657484879147381
3041,0.828975061561564,0.8657010479122478
3042,0.8289226783890254,0.8656536072213792
3043,0.8288702959043766,0.8656061658423928
3044,0.8288179141073506,0.8655587237755884
3045,0.8287655329976671,0.865511281021234
3046,0.8287131525750614,0.8654638375796093
3047,0.8286607728392325,0.8654163934509816
3048,0.8286083937899389,0.8653689486356473
3049,0.8285560154268707,0.8653215031338535
3050,0.828503637749756,0.8652740569459056
3051,0.8284512607583191,0.8652266100720768
3052,0.8283988844522997,0.8651791625126414
3053,0.828346508831414,0.8651317142678616
3054,0.8282941338953932,0.865084265338021
3055,0.8282417596439327,0.865036815723389
3056,0.8281893860767887,0.8649893654242659
3057,0.8281370131936793,0.8649419144409005
3058,0.8280846409943201,0.8648944627735722
3059,0.8280322694784317,0.8648470104225661
3060,0.8279798986457735,0.8647995573881587
3061,0.8279275284960267,0.8647521036705957
3062,0.8278751590289536,0.8647046492701904
3063,0.8278227902442689,0.8646571941871855
3064,0.8277704221416836,0.8646097384218641
3065,0.8277180547209366,0.8645622819745129
3066,0.8276656879817735,0.864514824845395
3067,0.8276133219238935,0.864467367034766
3068,0.8275609565470227,0.8644199085429254
3069,0.8275085918509272,0.8643724493701446
3070,0.8274562278352823,0.8643249895166636
3071,0.8274038644998468,0.8642775289827983
3072,0.8273515018443629,0.8642300677687969
3073,0.8272991398685277,0.864182605874916
3074,0.8272467785720861,0.8641351433014566
3075,0.8271944179547484,0.8640876800486741
3076,0.8271420580162747,0.864040216116857
3077,0.8270896987563888,0.8639927515062484
3078,0.8270373401747885,0.863945286217124
3079,0.8269849822712333,0.863897820249781
3080,0.8269326250454678,0.8638503536044649
3081,0.8268802684971792,0.8638028862814318
3082,0.8268279126261261,0.8637554182809899
3083,0.8267755574320317,0.8637079496033828
3084,0.8267232029146359,0.8636604802488885
3085,0.8266708490736544,0.8636130102177656
3086,0.8266184959088098,0.8635655395102976
3087,0.8265661434198751,0.86351806812676
3088,0.8265137916065443,0.863470596067387
3089,0.8264614404685717,0.863423123332478
3090,0.8264090900056775,0.8633756499222809
3091,0.8263567402175981,0.8633281758370759
3092,0.8263043911040672,0.863280701077125
3093,0.8262520426648046,0.8632332256426953
3094,0.8261996948995587,0.8631857495340658
3095,0.826147347808074,0.8631382727514896
3096,0.8260950013900498,0.8630907952952228
3097,0.8260426556452566,0.8630433171655636
3098,0.8259903105733961,0.8629958383627441
3099,0.8259379661742118,0.8629483588870593
3100,0.8258856224474528,0.8629008787387666
3101,0.8258332793928552,0.8628533979181188
3102,0.8257809370101302,0.8628059164253805
3103,0.8257285952990289,0.8627584342608356
3104,0.8256762542592879,0.8627109514247375
3105,0.8256239138906312,0.8626634679173475
3106,0.8255715741927991,0.8626159837389417
3107,0.8255192351655412,0.8625684988897793
3108,0.8254668968085717,0.8625210133701128
3109,0.8254145591216436,0.8624735271802249
3110,0.8253622221044972,0.8624260403203642
3111,0.8253098857568478,0.862378552790792
3112,0.8252575500784403,0.8623310645917893
3113,0.8252052150690378,0.8622835757236125
3114,0.8251528807283361,0.8622360861865008
3115,0.8251005470561034,0.8621885959807555
3116,0.8250482140520506,0.8621411051066091
3117,0.8249958817159407,0.8620936135643495
3118,0.8249435500475117,0.8620461213542158
3119,0.8248912190464984,0.8619986284764702
3120,0.8248388887126223,0.8619511349313773
3121,0.8247865590456458,0.8619036407192131
3122,0.8247342300452843,0.8618561458402192
3123,0.8246819017112836,0.8618086502946753
3124,0.8246295740433979,0.8617611540828374
3125,0.8245772470413666,0.8617136572049542
3126,0.8245249207049055,0.8616661596612838
3127,0.8244725950337719,0.861618661452109
3128,0.8244202700277193,0.8615711625776741
3129,0.8243679456864667,0.8615236630382269
3130,0.8243156220097514,0.8614761628340462
3131,0.8242632989973412,0.8614286619653938
3132,0.8242109766489365,0.861381160432505
3133,0.8241586549643327,0.8613336582356754
3134,0.8241063339432244,0.8612861553751154
3135,0.8240540135853697,0.8612386518511244
3136,0.8240016938905236,0.8611911476639462
3137,0.8239493748583959,0.8611436428138273
3138,0.8238970564887803,0.8610961373010547
3139,0.8238447387813701,0.8610486311258406
3140,0.8237924217359222,0.8610011242884852
3141,0.8237401053521798,0.8609536167892328
3142,0.8236877896299055,0.8609061086283412
3143,0.8236354745688056,0.8608585998060497
3144,0.8235831601686596,0.8608110903226472
3145,0.8235308464292019,0.8607635801783584
3146,0.8234785333501535,0.8607160693734486
3147,0.8234262209312875,0.8606685579081933
3148,0.8233739091723528,0.8606210457828227
3149,0.8233215980730425,0.8605735329975878
3150,0.8232692876331665,0.8605260195527911
3151,0.8232169778524351,0.8604785054486284
3152,0.8231646687305888,0.8604309906853872
3153,0.8231123602673988,0.8603834752633244
3154,0.8230600524625912,0.860335959182673
3155,0.8230077453158998,0.8602884424437043
3156,0.8229554388271116,0.8602409250466826
3157,0.8229031329959359,0.8601934069918261
3158,0.8228508278221225,0.8601458882794208
3159,0.8227985233054304,0.8600983689097179
3160,0.8227462194456067,0.8600508488829589
3161,0.8226939162424058,0.8600033281993972
3162,0.82264161369556,0.8599558068592789
3163,0.8225893118048211,0.8599082848628705
3164,0.8225370105699278,0.85986076221042
3165,0.822484709990628,0.8598132389021884
3166,0.8224324100666899,0.8597657149384261
3167,0.8223801107978467,0.8597181903193687
3168,0.8223278121838521,0.859670665045281
3169,0.8222755142244473,0.8596231391164093
3170,0.8222232169193817,0.8595756125330118
3171,0.8221709202684263,0.8595280852953385
3172,0.8221186242713059,0.8594805574036223
3173,0.822066328927776,0.8594330288581337
3174,0.8220140342375812,0.8593854996591196
3175,0.8219617402004734,0.859337969806834
3176,0.8219094468162149,0.8592904393015252
3177,0.8218571540845557,0.8592429081434318
3178,0.8218048620052109,0.8591953763328042
3179,0.8217525705779819,0.8591478438699238
3180,0.8217002798026029,0.859100310754993
3181,0.8216479896788065,0.859052776988278
3182,0.8215957002063464,0.8590052425700423
3183,0.8215434113849955,0.8589577075005339
3184,0.8214911232144719,0.8589101717799811
3185,0.8214388356945678,0.8588626354086619
3186,0.8213865488249982,0.8588150983867892
3187,0.8213342626055531,0.8587675607146438
3188,0.8212819770359445,0.8587200223924398
3189,0.8212296921159707,0.85867248342046
3190,0.8211774078453304,0.8586249437989127
3191,0.8211251242238087,0.8585774035280913
3192,0.8210728412511666,0.8585298626082152
3193,0.8210205589271324,0.8584823210395234
3194,0.8209682772514761,0.8584347788222861
3195,0.8209159962239557,0.8583872359567345
3196,0.8208637158442964,0.85833969244311
3197,0.8208114361122962,0.8582921482816863
3198,0.8207591570276569,0.8582446034726674
3199,0.8207068785901963,0.8581970580163489
3200,0.8206546007996135,0.8581495119129177
3201,0.8206023236556921,0.8581019651626693
3202,0.8205500471581834,0.8580544177658223
3203,0.820497771306814,0.8580068697226261
3204,0.8204454961013885,0.8579593210333489
3205,0.8203932215416317,0.8579117716981945
3206,0.8203409476273018,0.8578642217174334
3207,0.8202886743581662,0.8578166710913064
3208,0.8202364017339591,0.8577691198200486
3209,0.8201841297544781,0.8577215679039225
3210,0.8201318584194243,0.857674015343135
3211,0.8200795877285942,0.8576264621379801
3212,0.8200273176817398,0.8575789082886641
3213,0.8199750482785912,0.8575313537954363
3214,0.819922779518943,0.8574837986585607
3215,0.8198705114025346,0.8574362428782492
3216,0.8198182439291263,0.8573886864547596
3217,0.819765977098478,0.8573411293883318
3218,0.8197137109103151,0.857293571679206
3219,0.8196614453644625,0.8572460133276525
3220,0.8196091804606336,0.8571984543338551
3221,0.8195569161985857,0.8571508946980945
3222,0.8195046525780973,0.8571033344206124
3223,0.8194523895988912,0.8570557735016351
3224,0.8194001272607667,0.8570082119414323
3225,0.8193478655634676,0.8569606497402115
3226,0.8192956045067701,0.8569130868982267
3227,0.8192433440904168,0.856865523415703
3228,0.8191910843141506,0.8568179592928961
3229,0.8191388251777564,0.856770394530061
3230,0.8190865666809873,0.8567228291274147
3231,0.8190343088236062,0.856675263085205
3232,0.8189820516053864,0.8566276964036685
3233,0.8189297950260463,0.8565801290830328
3234,0.8188775390853915,0.8565325611235745
3235,0.8188252837831728,0.8564849925254939
3236,0.818773029119129,0.8564374232890389
3237,0.8187207750930432,0.8563898534144663
3238,0.8186685217046875,0.8563422829019978
3239,0.8186162689537881,0.8562947117518617
3240,0.8185640168401396,0.8562471399643261
3241,0.8185117653635008,0.856199567539603
3242,0.81845951452361,0.8561519944779298
3243,0.8184072643202482,0.8561044207795686
3244,0.8183550147531754,0.8560568464447376
3245,0.8183027658221617,0.8560092714736786
3246,0.8182505175269442,0.8559616958666206
3247,0.8181982698673145,0.8559141196238247
3248,0.8181460228430542,0.8558665427455019
3249,0.8180937764538786,0.8558189652318715
3250,0.8180415306995569,0.8557713870832153
3251,0.8179892855798921,0.8557238082997629
3252,0.8179370410946105,0.8556762288817151
3253,0.8178847972435147,0.855628648829343
3254,0.8178325540263306,0.8555810681428468
3255,0.8177803114428288,0.8555334868224962
3256,0.817728069492801,0.8554859048685219
3257,0.8176758281759957,0.8554383222811349
3258,0.8176235874921721,0.8553907390605856
3259,0.8175713474411006,0.8553431552071125
3260,0.8175191080225527,0.8552955707209461
3261,0.8174668692362876,0.8552479856023159
3262,0.8174146310820766,0.8552003998514618
3263,0.8173623935596798,0.8551528134686124
3264,0.8173101566688695,0.8551052264540078
3265,0.8172579204094168,0.8550576388078763
3266,0.8172056847810721,0.8550100505304468
3267,0.8171534497836305,0.8549624616219673
3268,0.8171012154168198,0.8549148720826452
3269,0.8170489816804357,0.8548672819127485
3270,0.8169967485742295,0.8548196911124855
3271,0.8169445160979973,0.8547720996821012
3272,0.8168922842514804,0.8547245076218046
3273,0.8168400530344423,0.8546769149318499
3274,0.8167878224466693,0.8546293216124737
3275,0.8167355924879154,0.8545817276638916
3276,0.8166833631579774,0.854534133086348
3277,0.8166311344566006,0.8544865378800486
3278,0.8165789063835283,0.8544389420452465
3279,0.8165266789385827,0.8543913455821941
3280,0.8164744521215083,0.8543437484910762
3281,0.8164222259320738,0.8542961507721455
3282,0.8163700003700466,0.8542485524256327
3283,0.8163177754351967,0.8542009534517703
3284,0.8162655511273156,0.8541533538507876
3285,0.8162133274461405,0.8541057536228971
3286,0.8161611043914642,0.8540581527683553
3287,0.8161088819630372,0.8540105512873744
3288,0.8160566601606533,0.8539629491802001
3289,0.8160044389840748,0.853915346447042
3290,0.8159522184330651,0.8538677430881355
3291,0.8158999985073984,0.8538201391037181
3292,0.81584777920685,0.8537725344940141
3293,0.815795560531197,0.8537249292592497
3294,0.8157433424802056,0.853677323399648
3295,0.8156911250536312,0.8536297169154433
3296,0.8156389082512749,0.8535821098068755
3297,0.8155866920728946,0.8535345020741493
3298,0.8155344765182594,0.853486893717504
3299,0.8154822615871519,0.8534392847371706
3300,0.8154300472793216,0.8533916751333668
3301,0.8153778335945733,0.8533440649063411
3302,0.8153256205326475,0.8532964540562924
3303,0.8152734080933525,0.8532488425834754
3304,0.8152211962764524,0.8532012304880872
3305,0.8151689850817019,0.8531536177703608
3306,0.8151167745088781,0.8531060044305415
3307,0.8150645645577826,0.8530583904688508
3308,0.8150123552281505,0.8530107758854901
3309,0.814960146519785,0.8529631606807209
3310,0.8149079384324686,0.8529155448547436
3311,0.8148557309659179,0.8528679284077748
3312,0.8148035241199723,0.8528203113400924
3313,0.8147513178943736,0.8527726936518634
3314,0.8146991122889199,0.8527250753433433
3315,0.8146469073033548,0.8526774564147364
3316,0.8145947029374786,0.8526298368662943
3317,0.8145424991910712,0.8525822166982209
3318,0.814490296063902,0.8525345959107371
3319,0.8144380935557204,0.8524869745040704
3320,0.8143858916663427,0.8524393524784695
3321,0.8143336903955094,0.8523917298341233
3322,0.8142814897430294,0.8523441065712867
3323,0.8142292897086453,0.852296482690154
3324,0.8141770902921798,0.8522488581909792
3325,0.8141248914933679,0.8522012330739444
3326,0.8140726933120015,0.8521536073393106
3327,0.8140204957478626,0.8521059809872871
3328,0.8139682988007235,0.8520583540180917
3329,0.813916102470349,0.8520107264319507
3330,0.8138639067565457,0.8519630982291011
3331,0.8138117116590915,0.8519154694097366
3332,0.8137595171777331,0.8518678399740794
3333,0.8137073233122712,0.8518202099223808
3334,0.8136551300624779,0.8517725792548406
3335,0.8136029374281255,0.8517249479716885
3336,0.8135507454090096,0.8516773160731487
3337,0.8134985540048842,0.851629683559429
3338,0.8134463632155702,0.8515820504307726
3339,0.8133941730408036,0.8515344166873622
3340,0.8133419834803862,0.8514867823294573
3341,0.8132897945340791,0.8514391473572585
3342,0.8132376062016881,0.8513915117710031
3343,0.813185418482977,0.8513438755708886
3344,0.8131332313777445,0.8512962387571482
3345,0.8130810448857475,0.8512486013299848
3346,0.8130288590067655,0.8512009632896403
3347,0.8129766737406027,0.8511533246363345
3348,0.8129244890870101,0.8511056853702655
3349,0.8128723050457958,0.8510580454916784
3350,0.812820121616747,0.8510104050007702
3351,0.8127679387995976,0.8509627638977522
3352,0.8127157565941725,0.850915122182886
3353,0.8126635750002434,0.85086747985635
3354,0.812611394017572,0.8508198369183744
3355,0.8125592136459665,0.8507721933691927
3356,0.8125070338852153,0.8507245492089999
3357,0.8124548547350642,0.8506769044380096
3358,0.8124026761953277,0.8506292590564706
3359,0.8123504982657773,0.850581613064573
3360,0.8122983209461878,0.8505339664625425
3361,0.8122461442363575,0.8504863192506041
3362,0.8121939681360641,0.850438671428962
3363,0.8121417926450892,0.8503910229978362
3364,0.8120896177632034,0.8503433739574459
3365,0.8120374434902138,0.8502957243080198
3366,0.8119852698258849,0.8502480740497514
3367,0.8119330967700168,0.8502004231828756
3368,0.8118809243223906,0.8501527717075937
3369,0.8118287524827762,0.850105119624124
3370,0.8117765812509592,0.850057466932695
3371,0.811724410626737,0.8500098136335206
3372,0.8116722406098987,0.8499621597268062
3373,0.8116200712002141,0.8499145052127618
3374,0.811567902397477,0.8498668500916162
3375,0.8115157342014603,0.8498191943635771
3376,0.8114635666119744,0.84977153802887
3377,0.8114113996287748,0.849723881087687
3378,0.8113592332516659,0.8496762235402683
3379,0.8113070674804412,0.8496285653868131
3380,0.8112549023148534,0.8495809066275288
3381,0.8112027377547242,0.8495332472626569
3382,0.8111505737998211,0.8494855872923825
3383,0.8110984104499382,0.8494379267169331
3384,0.8110462477048601,0.8493902655365173
3385,0.8109940855643614,0.8493426037513497
3386,0.8109419240282331,0.8492949413616541
3387,0.8108897630963109,0.8492472783676407
3388,0.8108376027683005,0.8491996147694779
3389,0.8107854430440321,0.8491519505674512
3390,0.8107332839233058,0.8491042857617357
3391,0.8106811254058797,0.8490566203525322
3392,0.8106289674915694,0.8490089543400801
3393,0.8105768101801386,0.8489612877245658
3394,0.8105246534713862,0.8489136205062231
3395,0.8104724973651135,0.8488659526852549
3396,0.810420341861081,0.84881828426186
3397,0.8103681869590851,0.8487706152362755
3398,0.8103160326589355,0.8487229456087064
3399,0.8102638789604112,0.8486752753793436
3400,0.8102117258633061,0.8486276045484088
3401,0.8101595733673708,0.8485799331161077
3402,0.8101074214724274,0.848532261082686
3403,0.810055270178299,0.848484588448324
3404,0.8100031194847012,0.848436915213203
3405,0.8099509693914966,0.8483892413775994
3406,0.8098988198984073,0.8483415669416581
3407,0.8098466710052789,0.8482938919056495
3408,0.8097945227118605,0.8482462162697341
3409,0.8097423750179714,0.8481985400341581
3410,0.8096902279233888,0.8481508631991059
3411,0.8096380814279039,0.8481031857647982
3412,0.8095859355313332,0.8480555077314442
3413,0.8095337902334294,0.8480078290992299
3414,0.8094816455340038,0.8479601498683981
3415,0.8094295014328381,0.8479124700391403
3416,0.8093773579297271,0.847864789611673
3417,0.8093252150244579,0.8478171085862021
3418,0.8092730727168538,0.8477694269629408
3419,0.8092209310066638,0.8477217447420665
3420,0.8091687898937177,0.8476740619238283
3421,0.8091166493777704,0.8476263785083993
3422,0.8090645094586473,0.84757869449602
3423,0.8090123701361085,0.84753100988687
3424,0.8089602314099753,0.8474833246811841
3425,0.8089080932800369,0.8474356388791451
3426,0.8088559557460637,0.8473879524809624
3427,0.8088038188078972,0.8473402654868638
3428,0.8087516824652582,0.8472925778970127
3429,0.8086995467180064,0.8472448897116808
3430,0.8086474115659021,0.8471972009310154
3431,0.8085952770087328,0.8471495115552516
3432,0.8085431430463331,0.8471018215846025
3433,0.8084910096784524,0.8470541310192369
3434,0.8084388769049097,0.8470064398594002
3435,0.8083867447254942,0.8469587481052775
3436,0.8083346131400102,0.8469110557570783
3437,0.8082824821482191,0.8468633628149994
3438,0.8082303517499321,0.8468156692792745
3439,0.808178221944985,0.8467679751500958
3440,0.8081260927331064,0.8467202804276308
3441,0.8080739641141501,0.8466725851121442
3442,0.8080218360878627,0.8466248892037884
3443,0.8079697086540826,0.8465771927028123
3444,0.8079175818125628,0.8465294956093808
3445,0.8078654555631498,0.8464817979237351
3446,0.8078133299055815,0.8464340996460366
3447,0.8077612048396882,0.8463864007765407
3448,0.8077090803652934,0.8463387013154198
3449,0.8076569564821227,0.8462910012628535
3450,0.8076048331900404,0.8462433006191087
3451,0.8075527104888021,0.8461955993843275
3452,0.8075005883782341,0.8461478975587519
3453,0.8074484668580886,0.8461001951425572
3454,0.80739634592821,0.8460524921359858
3455,0.807344225588369,0.8460047885392
3456,0.8072921058383955,0.8459570843524242
3457,0.807239986678033,0.8459093795758338
3458,0.8071878681071201,0.8458616742096773
3459,0.8071357501254636,0.8458139682541226
3460,0.8070836327328085,0.8457662617093633
3461,0.8070315159290137,0.8457185545756479
3462,0.8069793997138427,0.8456708468531245
3463,0.8069272840870957,0.8456231385420255
3464,0.8068751690485885,0.8455754296425507
3465,0.8068230545981067,0.8455277201548868
3466,0.8067709407354509,0.8454800100792458
3467,0.8067188274604253,0.8454322994158291
3468,0.8066667147728172,0.8453845881648299
3469,0.8066146026724379,0.8453368763264618
3470,0.8065624911590823,0.845289163900915
3471,0.8065103802325696,0.8452414508883925
3472,0.8064582698926468,0.8451937372890782
3473,0.8064061601391745,0.8451460231032193
3474,0.8063540509719195,0.8450983083309601
3475,0.8063019423906939,0.8450505929725335
3476,0.8062498343952829,0.8450028770281253
3477,0.8061977269854974,0.8449551604979506
3478,0.8061456201611623,0.8449074433821987
3479,0.8060935139220305,0.8448597256810475
3480,0.8060414082679467,0.844812007394739
3481,0.8059893031986708,0.8447642885234329
3482,0.8059371987140341,0.8447165690673648
3483,0.8058850948138269,0.8446688490267072
3484,0.8058329914978661,0.8446211284016675
3485,0.805780888765929,0.8445734071924311
3486,0.805728786617851,0.8445256853992191
3487,0.8056766850533945,0.8444779630221972
3488,0.8056245840723832,0.8444302400616
3489,0.8055724836746203,0.8443825165176063
3490,0.8055203838599042,0.8443347923904129
3491,0.8054682846280138,0.8442870676802204
3492,0.8054161859788221,0.8442393423872484
3493,0.80536408791205,0.8441916165116296
3494,0.8053119904275567,0.8441438900536359
3495,0.8052598935251057,0.8440961630134122
3496,0.8052077972045305,0.8440484353911933
3497,0.8051557014656143,0.8440007071871477
3498,0.8051036063081892,0.843952978401489
3499,0.8050515117320242,0.8439052490343895
3500,0.8049994177369373,0.8438575190860763
3501,0.8049473243227403,0.8438097885567315
3502,0.804895231489227,0.8437620574465454
3503,0.8048431392362287,0.8437143257557227
3504,0.8047910475634916,0.843666593484436
3505,0.804738956470868,0.84361886063293
3506,0.804686865958158,0.8435711272013605
3507,0.8046347760251545,0.8435233931899258
3508,0.804582686671656,0.8434756585988311
3509,0.8045305978974875,0.8434279234282771
3510,0.8044785097024558,0.8433801876784417
3511,0.8044264220863391,0.8433324513495174
3512,0.8043743350489537,0.8432847144417246
3513,0.8043222485901431,0.8432369769552461
3514,0.8042701627096309,0.843189238890244
3515,0.8042180774073269,0.843141500246985
3516,0.804165992682942,0.8430937610255699
3517,0.8041139085363485,0.8430460212262789
3518,0.804061824967313,0.8429982808492458
3519,0.8040097419756613,0.8429505398946999
3520,0.8039576595612136,0.8429027983628178
3521,0.8039055777237378,0.8428550562537799
3522,0.8038534964630749,0.842807313567816
3523,0.8038014157790019,0.8427595703050859
3524,0.8037493356713586,0.8427118264658109
3525,0.8036972561399212,0.8426640820501541
3526,0.803645177184526,0.8426163370583376
3527,0.8035930988049484,0.8425685914905254
3528,0.8035410210010462,0.8425208453469413
3529,0.803488943772581,0.842473098627731
3530,0.8034368671193755,0.8424253513331282
3531,0.8033847910412469,0.8423776034633121
3532,0.8033327155379704,0.8423298550184667
3533,0.8032806406094187,0.8422821059988126
3534,0.8032285662553318,0.8422343564044844
3535,0.8031764924755571,0.8421866062357342
3536,0.8031244192698805,0.8421388554927195
3537,0.8030723466381356,0.8420911041756506
3538,0.8030202745801409,0.842043352284698
3539,0.80296820309565,0.8419955998200441
3540,0.8029161321845133,0.8419478467819274
3541,0.8028640618465518,0.8419000931705042
3542,0.8028119920815466,0.8418523389859524
3543,0.8027599228893286,0.8418045842284899
3544,0.8027078542696785,0.8417568288982861
3545,0.8026557862224487,0.8417090729955594
3546,0.8026037187474063,0.8416613165204608
3547,0.8025516518443804,0.8416135594732175
3548,0.8024995855131947,0.8415658018540039
3549,0.8024475197536538,0.8415180436629967
3550,0.8023954545655357,0.8414702849003906
3551,0.8023433899487004,0.8414225255664056
3552,0.8022913259029474,0.8413747656611849
3553,0.8022392624280565,0.8413270051849286
3554,0.8021871995238609,0.8412792441378538
3555,0.8021351371901738,0.841231482520129
3556,0.8020830754268037,0.8411837203319413
3557,0.8020310142335639,0.8411359575734827
3558,0.8019789536102514,0.8410881942449389
3559,0.8019268935567004,0.8410404303465121
3560,0.8018748340727191,0.840992665878369
3561,0.8018227751581068,0.8409449008407036
3562,0.8017707168126821,0.840897135233712
3563,0.8017186590362562,0.8408493690575789
3564,0.8016666018286692,0.8408016023124912
3565,0.801614545189675,0.840753834998612
3566,0.8015624891191241,0.8407060671161826
3567,0.8015104336168499,0.8406582986653544
3568,0.8014583786826232,0.8406105296462971
3569,0.8014063243162883,0.8405627600592356
3570,0.8013542705176266,0.840514989904328
3571,0.8013022172864818,0.8404672191817911
3572,0.801250164622647,0.8404194478917821
3573,0.8011981125259545,0.8403716760345075
3574,0.8011460609962072,0.8403239036101366
3575,0.8010940100332151,0.8402761306188639
3576,0.8010419596368045,0.8402283570608803
3577,0.8009899098067844,0.8401805829363608
3578,0.8009378605429578,0.840132808245496
3579,0.8008858118451568,0.8400850329884799
3580,0.8008337637132074,0.8400372571654846
3581,0.8007817161468728,0.8399894807766838
3582,0.800729669146013,0.8399417038223084
3583,0.800677622710426,0.8398939263025046
3584,0.8006255768399596,0.8398461482174715
3585,0.8005735315343783,0.8397983695673644
3586,0.8005214867935188,0.8397505903524147
3587,0.8004694426172022,0.8397028105727872
3588,0.8004173990052428,0.839655030228661
3589,0.8003653559574497,0.8396072493202221
3590,0.8003133134736496,0.83955946784766
3591,0.8002612715536513,0.8395116858111507
3592,0.8002092301972706,0.8394639032108819
3593,0.8001571894043287,0.8394161200470404
3594,0.8001051491746406,0.8393683363198043
3595,0.8000531095080163,0.8393205520293585
3596,0.8000010704042838,0.8392727671758915
3597,0.7999490318632408,0.8392249817595779
3598,0.7998969938847273,0.8391771957806163
3599,0.7998449564685652,0.8391294092391712
3600,0.7997929196145258,0.8390816221354199
3601,0.7997408833224773,0.8390338344695857
3602,0.799688847592214,0.8389860462418062
3603,0.7996368124235478,0.8389382574522846
3604,0.7995847778163196,0.8388904681012097
3605,0.7995327437703184,0.8388426781887405
3606,0.7994807102853974,0.838794887715086
3607,0.7994286773613354,0.8387470966803979
3608,0.7993766449979853,0.8386993050848915
3609,0.7993246131951391,0.8386515129287182
3610,0.7992725819526497,0.8386037202120836
3611,0.7992205512702756,0.8385559269351369
3612,0.7991685211478934,0.8385081330981159
3613,0.7991164915853081,0.8384603387011471
3614,0.7990644625823179,0.8384125437444261
3615,0.7990124341387621,0.8383647482281513
3616,0.7989604062544516,0.8383169521524861
3617,0.7989083789292036,0.8382691555176185
3618,0.7988563521628523,0.8382213583237306
3619,0.7988043259552057,0.8381735605709899
3620,0.7987523003060759,0.8381257622595881
3621,0.7987002752152937,0.8380779633897109
3622,0.7986482506826843,0.8380301639615299
3623,0.7985962267080455,0.8379823639752185
3624,0.7985442032912267,0.8379345634309792
3625,0.7984921804320262,0.8378867623289631
3626,0.7984401581302839,0.8378389606693711
3627,0.7983881363857986,0.8377911584523638
3628,0.798336115198423,0.837743355678142
3629,0.7982840945679232,0.8376955523468557
3630,0.7982320744941866,0.8376477484587319
3631,0.7981800549769822,0.8375999440138904
3632,0.7981280360161634,0.837552139012559
3633,0.7980760176115232,0.8375043334548842
3634,0.7980239997629057,0.8374565273410718
3635,0.7979719824701275,0.8374087206712804
3636,0.797919965733,0.8373609134456916
3637,0.7978679495513531,0.8373131056644946
3638,0.7978159339250338,0.837265297327858
3639,0.7977639188538047,0.8372174884359399
3640,0.7977119043375602,0.8371696789889691
3641,0.797659890376065,0.8371218689870602
3642,0.7976078769691569,0.8370740584304416
3643,0.7975558641166713,0.837026247319278
3644,0.7975038518184256,0.836978435653734
3645,0.7974518400742556,0.8369306234339934
3646,0.7973998288839464,0.8368828106602201
3647,0.7973478182473483,0.8368349973326255
3648,0.7972958081642924,0.8367871834513632
3649,0.7972437986345621,0.8367393690166003
3650,0.797191789658037,0.8366915540285518
3651,0.7971397812345025,0.8366437384873422
3652,0.7970877733638048,0.8365959223931838
3653,0.7970357660457419,0.8365481057462311
3654,0.7969837592801532,0.8365002885466833
3655,0.7969317530668593,0.8364524707947044
3656,0.7968797474056903,0.8364046524904709
3657,0.7968277422964586,0.8363568336341553
3658,0.7967757377389951,0.8363090142259431
3659,0.7967237337331381,0.8362611942660041
3660,0.7966717302786968,0.8362133737545022
3661,0.7966197273755006,0.8361655526916252
3662,0.7965677250233607,0.8361177310775452
3663,0.7965157232221088,0.8360699089124477
3664,0.7964637219716046,0.836022086196504
3665,0.7964117212716233,0.8359742629298573
3666,0.7963597211220278,0.8359264391127257
3667,0.7963077215226072,0.8358786147452525
3668,0.7962557224732268,0.8358307898276427
3669,0.796203723973677,0.835782964360037
3670,0.7961517260238032,0.8357351383426388
3671,0.7960997286234216,0.8356873117756071
3672,0.7960477317723788,0.8356394846591233
3673,0.795995735470483,0.8355916569933437
3674,0.7959437397175598,0.8355438287784573
3675,0.7958917445134429,0.8354960000146386
3676,0.7958397498579493,0.8354481707020558
3677,0.7957877557509258,0.835400340840889
3678,0.7957357621921812,0.835352510431295
3679,0.795683769181542,0.8353046794734623
3680,0.7956317767188419,0.8352568479675647
3681,0.7955797848038988,0.8352090159137688
3682,0.7955277934365612,0.8351611833122553
3683,0.7954758026166379,0.8351133501631789
3684,0.7954238123439679,0.8350655164667288
3685,0.795371822618386,0.8350176822230657
3686,0.795319833439677,0.8349698474323566
3687,0.7952678448077015,0.8349220120948122
3688,0.7952158567223038,0.8348741762105758
3689,0.7951638691832786,0.8348263397798033
3690,0.795111882190486,0.8347785028026973
3691,0.7950598957437216,0.8347306652794021
3692,0.7950079098428369,0.834682827210117
3693,0.7949559244876551,0.8346349885949926
3694,0.7949039396779956,0.8345871494342065
3695,0.7948519554136951,0.8345393097279379
3696,0.7947999716945766,0.8344914694763508
3697,0.7947479885204918,0.8344436286796204
3698,0.7946960058912431,0.8343957873378997
3699,0.7946440238066743,0.8343479454513806
3700,0.7945920422665795,0.8343001030202235
3701,0.7945400612708513,0.8342522600446296
3702,0.794488080819286,0.8342044165247107
3703,0.7944361009117001,0.8341565724606705
3704,0.7943841215479398,0.8341087278526886
3705,0.7943321427278353,0.8340608827009219
3706,0.7942801644512127,0.8340130370055404
3707,0.7942281867179055,0.8339651907667158
3708,0.7941762095277446,0.8339173439846156
3709,0.7941242328805656,0.8338694966594097
3710,0.7940722567761795,0.8338216487912623
3711,0.7940202812144264,0.8337738003803604
3712,0.7939683061951542,0.8337259514268651
3713,0.7939163317181724,0.8336781019309314
3714,0.793864357783309,0.833630251892745
3715,0.7938123843904124,0.8335824013124786
3716,0.7937604115393252,0.8335345501902864
3717,0.7937084392298401,0.8334866985263257
3718,0.7936564674617946,0.8334388463208002
3719,0.7936044962350528,0.8333909935738737
3720,0.7935525255494432,0.8333431402856855
3721,0.7935005554047665,0.8332952864564049
3722,0.793448585800865,0.8332474320862302
3723,0.7933966167375891,0.833199577175318
3724,0.793344648214751,0.8331517217238218
3725,0.7932926802321932,0.8331038657319256
3726,0.7932407127897312,0.8330560091997891
3727,0.7931887458872459,0.8330081521275947
3728,0.7931367795244991,0.8329602945154664
3729,0.7930848137013761,0.8329124363636344
3730,0.7930328484177002,0.8328645776722208
3731,0.7929808836732899,0.8328167184413994
3732,0.792928919467996,0.8327688586713493
3733,0.7928769558016315,0.8327209983622241
3734,0.7928249926740377,0.8326731375142071
3735,0.7927730300850541,0.832625276127458
3736,0.7927210680345274,0.8325774142021379
3737,0.7926691065222548,0.8325295517384017
3738,0.7926171455480983,0.8324816887364485
3739,0.7925651851118932,0.8324338251964192
3740,0.792513225213437,0.8323859611184778
3741,0.7924612658526045,0.8323380965028239
3742,0.7924093070292305,0.8322902313495866
3743,0.792357348743114,0.8322423656589304
3744,0.7923053909941287,0.8321944994310541
3745,0.7922534337820776,0.8321466326660868
3746,0.7922014771067925,0.832098765364222
3747,0.7921495209681615,0.8320508975256287
3748,0.792097565365963,0.8320030291504243
3749,0.7920456103000549,0.8319551602388235
3750,0.7919936557702664,0.8319072907909711
3751,0.7919417017764355,0.8318594208070369
3752,0.7918897483183851,0.8318115502871846
3753,0.7918377953959695,0.8317636792315888
3754,0.7917858430090274,0.8317158076403971
3755,0.7917338911573709,0.8316679355137715
3756,0.7916819398408665,0.8316200628518968
3757,0.7916299890593194,0.8315721896549106
3758,0.7915780388125775,0.8315243159230038
3759,0.7915260891004967,0.8314764416563304
3760,0.7914741399228604,0.8314285668550352
3761,0.7914221912795634,0.8313806915193307
3762,0.7913702431704175,0.8313328156493269
3763,0.7913182955952525,0.8312849392452109
3764,0.7912663485539301,0.8312370623071504
3765,0.7912144020462515,0.8311891848352881
3766,0.7911624560720715,0.831141306829817
3767,0.7911105106312302,0.8310934282908863
3768,0.7910585657235756,0.8310455492186556
3769,0.7910066213489063,0.8309976696132768
3770,0.7909546775070874,0.8309497894749476
3771,0.7909027341979677,0.830901908803807
3772,0.7908507914213716,0.8308540276000065
3773,0.7907988491771294,0.8308061458637208
3774,0.7907469074650706,0.8307582635951167
3775,0.7906949662850649,0.8307103807943678
3776,0.7906430256369233,0.8306624974616044
3777,0.7905910855204983,0.8306146135970134
3778,0.7905391459356282,0.8305667292007437
3779,0.7904872068821366,0.8305188442729583
3780,0.7904352683598774,0.8304709588138305
3781,0.7903833303686801,0.8304230728235077
3782,0.7903313929083697,0.8303751863021611
3783,0.7902794559788135,0.8303272992499634
3784,0.7902275195798313,0.8302794116670503
3785,0.7901755837112846,0.8302315235535991
3786,0.7901236483729976,0.8301836349097531
3787,0.7900717135648023,0.8301357457356843
3788,0.7900197792865395,0.8300878560315599
3789,0.7899678455380588,0.83003996579754
3790,0.789915912319194,0.829992075033776
3791,0.7898639796297658,0.8299441837404335
3792,0.7898120474696597,0.8298962919176891
3793,0.7897601158386787,0.8298483995656626
3794,0.7897081847366667,0.8298005066845484
3795,0.7896562541634669,0.8297526132745003
3796,0.7896043241189412,0.8297047193356777
3797,0.7895523946029022,0.8296568248682203
3798,0.7895004656151953,0.8296089298723108
3799,0.7894485371556611,0.8295610343481081
3800,0.7893966092241506,0.8295131382957679
3801,0.7893446818204987,0.8294652417154419
3802,0.7892927549445262,0.829417344607294
3803,0.7892408285961099,0.829369446971502
3804,0.789188902775064,0.8293215488081938
3805,0.7891369774812468,0.829273650117549
3806,0.7890850527144795,0.8292257508997143
3807,0.7890331284746258,0.8291778511548655
3808,0.788981204761524,0.8291299508831401
3809,0.7889292815749966,0.8290820500847008
3810,0.7888773589148884,0.829034148759723
3811,0.7888254367810626,0.8289862469083608
3812,0.7887735151733573,0.8289383445307547
3813,0.7887215940915846,0.8288904416270658
3814,0.788669673535623,0.8288425381974782
3815,0.7886177535052784,0.8287946342421183
3816,0.7885658340004239,0.8287467297611757
3817,0.7885139150208944,0.8286988247547807
3818,0.7884619965665219,0.828650919223098
3819,0.7884100786371722,0.8286030131662923
3820,0.7883581612326476,0.8285551065845038
3821,0.7883062443528309,0.8285071994779226
3822,0.7882543279975425,0.8284592918466728
3823,0.7882024121666359,0.8284113836909294
3824,0.7881504968599504,0.8283634750108411
3825,0.7880985820773336,0.8283155658065673
3826,0.7880466678186193,0.8282676560782627
3827,0.7879947540836489,0.8282197458260916
3828,0.7879428408722622,0.8281718350502114
3829,0.7878909281843426,0.8281239237507823
3830,0.787839016019678,0.8280760119279259
3831,0.7877871043781345,0.8280280995818472
3832,0.787735193259588,0.8279801867126833
3833,0.7876832826638402,0.8279322733205619
3834,0.7876313725907506,0.8278843594056751
3835,0.7875794630401513,0.8278364449681674
3836,0.787527554011918,0.8277885300082036
3837,0.7874756455058441,0.8277406145259116
3838,0.7874237375218348,0.8276926985214932
3839,0.7873718300596895,0.8276447819950492
3840,0.7873199231192849,0.8275968649467769
3841,0.7872680167004154,0.8275489473767992
3842,0.7872161108029765,0.8275010292853199
3843,0.7871642054268027,0.8274531106724472
3844,0.7871123005717269,0.827405191538346
3845,0.7870603962376018,0.8273572718831823
3846,0.7870084924242671,0.8273093517071031
3847,0.7869565891315704,0.8272614310102689
3848,0.7869046863593575,0.827213509792833
3849,0.7868527841074712,0.8271655880549478
3850,0.786800882375776,0.827117665796771
3851,0.7867489811640979,0.8270697430184406
3852,0.7866970804722845,0.8270218197201288
3853,0.7866451803001809,0.8269738959019861
3854,0.7865932806476296,0.8269259715641696
3855,0.7865413815145044,0.8268780467068355
3856,0.7864894829006095,0.8268301213301112
3857,0.7864375848058259,0.826782195434191
3858,0.786385687229987,0.8267342690191961
3859,0.7863337901729338,0.826686342085291
3860,0.7862818936345305,0.8266384146326351
3861,0.7862299976146133,0.8265904866613663
3862,0.786178102113007,0.8265425581716455
3863,0.7861262071296126,0.8264946291636481
3864,0.786074312664226,0.8264466996374762
3865,0.7860224187167104,0.8263987695933296
3866,0.7859705252869266,0.8263508390313477
3867,0.785918632374697,0.8263029079516698
3868,0.7858667399798904,0.8262549763544711
3869,0.7858148481023361,0.8262070442398849
3870,0.7857629567419093,0.8261591116080804
3871,0.7857110658984366,0.8261111784591841
3872,0.7856591755717759,0.8260632447933697
3873,0.7856072857617721,0.8260153106107777
3874,0.7855553964682563,0.8259673759115645
3875,0.7855035076911029,0.8259194406958957
3876,0.7854516194301394,0.8258715049639003
3877,0.7853997316852478,0.8258235687157497
3878,0.7853478444562264,0.8257756319515643
3879,0.7852959577429541,0.8257276946715406
3880,0.7852440715452829,0.8256797568758025
3881,0.7851921858630522,0.8256318185644986
3882,0.7851403006961212,0.8255838797377895
3883,0.7850884160443253,0.8255359403958147
3884,0.7850365319075087,0.8254880005387397
3885,0.7849846482855473,0.8254400601667191
3886,0.784932765178259,0.8253921192798791
3887,0.7848808825855154,0.8253441778783991
3888,0.7848290005071642,0.8252962359624092
3889,0.7847771189430396,0.8252482935320617
3890,0.7847252378930076,0.8252003505875222
3891,0.7846733573569094,0.8251524071289237
3892,0.7846214773346075,0.8251044631564264
3893,0.7845695978259394,0.8250565186701683
3894,0.7845177188307388,0.8250085736703097
3895,0.7844658403488878,0.8249606281570152
3896,0.784413962380227,0.8249126821304085
3897,0.7843620849245985,0.8248647355906451
3898,0.7843102079818635,0.8248167885378845
3899,0.7842583315518474,0.8247688409722634
3900,0.7842064556344437,0.8247208928939564
3901,0.7841545802294614,0.8246729443030736
3902,0.7841027053367903,0.8246249951998008
3903,0.784050830956247,0.8245770455842533
3904,0.7839989570876944,0.8245290954566108
3905,0.7839470837309929,0.8244811448170117
3906,0.783895210885988,0.824433193665596
3907,0.7838433385525135,0.8243852420025183
3908,0.7837914667304355,0.8243372898279417
3909,0.7837395954196302,0.8242893371420025
3910,0.7836877246199014,0.8242413839448274
3911,0.7836358543311333,0.8241934302366067
3912,0.7835839845531727,0.8241454760174601
3913,0.783532115285865,0.8240975212875399
3914,0.7834802465290771,0.8240495660470003
3915,0.7834283782826275,0.8240016102959757
3916,0.7833765105464023,0.8239536540346448
3917,0.7833246433202516,0.823905697263124
3918,0.783272776604012,0.8238577399815639
3919,0.7832209103975405,0.8238097821901251
3920,0.7831690447006939,0.8237618238889517
3921,0.7831171795133144,0.8237138650781873
3922,0.7830653148352674,0.8236659057579877
3923,0.7830134506664024,0.8236179459284914
3924,0.7829615870065694,0.8235699855898453
3925,0.782909723855616,0.823522024742201
3926,0.7828578612134226,0.8234740633857102
3927,0.7828059990797981,0.8234261015204942
3928,0.7827541374546441,0.8233781391467405
3929,0.7827022763377537,0.8233301762645514
3930,0.7826504157290485,0.8232822128741284
3931,0.7825985556283539,0.8232342489755579
3932,0.7825466960355064,0.8231862845690093
3933,0.7824948369503858,0.8231383196546462
3934,0.7824429783728138,0.8230903542325902
3935,0.7823911203026678,0.8230423883030165
3936,0.7823392627398122,0.8229944218660517
3937,0.7822874056840747,0.8229464549218298
3938,0.7822355491353165,0.8228984874705219
3939,0.782183693093421,0.822850519512267
3940,0.7821318375581999,0.8228025510471854
3941,0.7820799825295431,0.8227545820754598
3942,0.7820281280072958,0.8227066125972049
3943,0.7819762739912761,0.822658642612573
3944,0.7819244204813819,0.8226106721217454
3945,0.7818725674774641,0.8225627011248249
3946,0.7818207149793602,0.8225147296219626
3947,0.7817688629869409,0.8224667576133182
3948,0.7817170115000524,0.8224187850990221
3949,0.7816651605185502,0.8223708120792289
3950,0.7816133100422896,0.8223228385540821
3951,0.7815614600711364,0.8222748645237247
3952,0.781509610604941,0.8222268899882946
3953,0.7814577616435426,0.8221789149479403
3954,0.781405913186814,0.8221309394028188
3955,0.7813540652346139,0.8220829633530611
3956,0.781302217786789,0.8220349867988086
3957,0.7812503708432077,0.8219870097402125
3958,0.7811985244037009,0.8219390321774073
3959,0.7811466784681578,0.8218910541105576
3960,0.7810948330363958,0.8218430755397785
3961,0.7810429881083245,0.8217950964652493
3962,0.7809911436837461,0.8217471168870645
3963,0.7809392997625335,0.8216991368054168
3964,0.7808874563445675,0.8216511562204354
3965,0.7808356134296834,0.8216031751322412
3966,0.7807837710177246,0.8215551935409976
3967,0.7807319291085931,0.8215072114468589
3968,0.7806800877021189,0.8214592288499276
3969,0.7806282467981426,0.8214112457503716
3970,0.7805764063965496,0.8213632621483495
3971,0.7805245664971673,0.821315278043976
3972,0.7804727270998899,0.8212672934374236
3973,0.7804208882045426,0.8212193083287991
3974,0.7803690498110162,0.8211713227182762
3975,0.7803172119191338,0.8211233366059649
3976,0.7802653745287619,0.8210753499920423
3977,0.7802135376397774,0.8210273628766398
3978,0.7801617012520216,0.8209793752598833
3979,0.7801098653653584,0.8209313871419293
3980,0.7800580299796496,0.820883398522916
3981,0.7800061950947446,0.8208354094029806
3982,0.7799543607105033,0.8207874197822725
3983,0.7799025268267843,0.8207394296609318
3984,0.7798506934434569,0.820691439039102
3985,0.7797988605603429,0.8206434479169122
3986,0.7797470281773673,0.820595456294539
3987,0.7796951962943264,0.8205474641720625
3988,0.7796433649111196,0.8204994715496807
3989,0.779591534027576,0.8204514784274988
3990,0.779539703643558,0.8204034848056841
3991,0.7794878737589391,0.820355490684374
3992,0.7794360443735919,0.8203074960636976
3993,0.7793842154873633,0.8202595009437839
3994,0.7793323871000892,0.8202115053247815
3995,0.77928055921165,0.8201635092068558
3996,0.7792287318218908,0.8201155125901266
3997,0.779176904930702,0.8200675154747481
3998,0.7791250785379376,0.8200195178608338
3999,0.7790732526434049,0.8199715197485256
4000,0.7790214272470377,0.8199235211380154
4001,0.7789696023486525,0.8198755220293743
4002,0.7789177779480996,0.8198275224227809
4003,0.7788659540452875,0.8197795223183855
4004,0.7788141306400175,0.8197315217162826
4005,0.778762307732196,0.8196835206166675
4006,0.7787104853216698,0.8196355190196356
4007,0.778658663408285,0.8195875169253408
4008,0.7786068419919324,0.8195395143339349
4009,0.7785550210724445,0.8194915112455292
4010,0.7785032006497006,0.8194435076602893
4011,0.7784513807235417,0.8193955035783378
4012,0.778399561293845,0.819347498999832
4013,0.778347742360462,0.8192994939248948
4014,0.7782959239232792,0.819251488353675
4015,0.7782441059821128,0.8192034822862871
4016,0.7781922885368587,0.8191554757229131
4017,0.7781404715873652,0.8191074686636586
4018,0.7780886551335162,0.8190594611086736
4019,0.7780368391751233,0.8190114530580768
4020,0.777985023712092,0.8189634445120527
4021,0.777933208744267,0.8189154354706992
4022,0.7778813942715289,0.8188674259341702
4023,0.7778295802937218,0.8188194159025857
4024,0.7777777668107002,0.8187714053761015
4025,0.7777259538223419,0.8187233943548611
4026,0.7776741413285125,0.8186753828389897
4027,0.7776223293290644,0.8186273708286209
4028,0.7775705178238613,0.8185793583239014
4029,0.7775187068127661,0.8185313453249669
4030,0.7774668962956296,0.8184833318319557
4031,0.777415086272337,0.8184353178450159
4032,0.7773632767427492,0.8183873033642634
4033,0.7773114677067142,0.8183392883898385
4034,0.7772596591640915,0.8182912729218903
4035,0.7772078511147641,0.8182432569605597
4036,0.7771560435585775,0.8181952405059654
4037,0.7771042364954023,0.8181472235582599
4038,0.7770524299251063,0.8180992061175741
4039,0.7770006238475461,0.8180511881840393
4040,0.7769488182626006,0.8180031697577999
4041,0.7768970131701021,0.8179551508389767
4042,0.7768452085699509,0.8179071314277363
4043,0.7767934044619664,0.8178591115241811
4044,0.7767416008460607,0.8178110911284859
4045,0.7766897977220742,0.8177630702407459
4046,0.7766379950898478,0.8177150488611165
4047,0.7765861929492918,0.8176670269897558
4048,0.7765343913002447,0.8176190046267564
4049,0.7764825901425815,0.8175709817722778
4050,0.7764307894761402,0.817522958426447
4051,0.7763789893008164,0.8174749345894229
4052,0.7763271896164601,0.8174269102613128
4053,0.7762753904229306,0.8173788854422652
4054,0.7762235917201119,0.8173308601324201
4055,0.7761717935078506,0.8172828343318956
4056,0.7761199957860174,0.8172348080408434
4057,0.7760681985544826,0.8171867812593935
4058,0.7760164018130921,0.8171387539876749
4059,0.77596460556175,0.8170907262258416
4060,0.7759128098002777,0.8170426979739926
4061,0.7758610145285675,0.8169946692323012
4062,0.7758092197464638,0.8169466400008796
4063,0.775757425453845,0.81689861027988
4064,0.7757056316506015,0.8168505800694252
4065,0.7756538383365531,0.816802549369628
4066,0.7756020455115777,0.8167545181806635
4067,0.775550253175577,0.8167064865026552
4068,0.7754984613283563,0.8166584543357056
4069,0.7754466699698288,0.8166104216800018
4070,0.7753948790998577,0.8165623885356355
4071,0.7753430887182976,0.8165143549027442
4072,0.7752912988249875,0.8164663207814725
4073,0.7752395094198502,0.8164182861719774
4074,0.7751877205027022,0.8163702510743428
4075,0.7751359320734527,0.816322215488746
4076,0.775084144131919,0.8162741794152824
4077,0.775032356678009,0.8162261428541315
4078,0.774980569711574,0.8161781058053863
4079,0.7749287832324873,0.8161300682691965
4080,0.7748769972405983,0.8160820302456893
4081,0.7748252117357929,0.8160339917350112
4082,0.7747734267179192,0.8159859527372813
4083,0.7747216421868625,0.8159379132526473
4084,0.7746698581424828,0.8158898732812274
4085,0.7746180745846645,0.8158418328231596
4086,0.7745662915132433,0.8157937918785612
4087,0.7745145089281041,0.8157457504475933
4088,0.7744627268291057,0.8156977085303736
4089,0.7744109452161314,0.8156496661270427
4090,0.7743591640890279,0.8156016232377176
4091,0.7743073834476912,0.8155535798625495
4092,0.7742556032919564,0.8155055360016458
4093,0.7742038236217166,0.8154574916551692
4094,0.7741520444368323,0.8154094468232267
4095,0.774100265737172,0.8153614015059587
4096,0.774048487522583,0.8153133557034953
4097,0.7739967097929834,0.8152653094159877
4098,0.7739449325481832,0.8152172626435243
4099,0.7738931557880879,0.8151692153862877
4100,0.7738413795125437,0.8151211676443766
4101,0.7737896037214564,0.8150731194179412
4102,0.7737378284146468,0.8150250707070817
4103,0.7736860535920097,0.8149770215119709
4104,0.7736342792534255,0.814928971832718
4105,0.7735825053987397,0.814880921669442
4106,0.7735307320278233,0.8148328710222946
4107,0.7734789591405673,0.8147848198914077
4108,0.773427186736818,0.8147367682768912
4109,0.773375414816445,0.8146887161788956
4110,0.7733236433793409,0.8146406635975518
4111,0.7732718724253518,0.8145926105329704
4112,0.7732201019543458,0.8145445569853023
4113,0.7731683319662052,0.8144965029546778
4114,0.7731165624607867,0.8144484484412187
4115,0.7730647934380075,0.8144003934450641
4116,0.7730130248976654,0.8143523379663039
4117,0.7729612568396661,0.8143042820051319
4118,0.7729094892638783,0.8142562255616459
4119,0.7728577221701601,0.8142081686359779
4120,0.7728059555584043,0.8141601112282677
4121,0.7727541894284922,0.8141120533386251
4122,0.7727024237802237,0.8140639949671693
4123,0.772650658613539,0.8140159361140948
4124,0.772598893928296,0.8139678767794667
4125,0.7725471297243295,0.8139198169634275
4126,0.7724953660015683,0.8138717566661378
4127,0.7724436027598246,0.8138236958876737
4128,0.7723918399990035,0.8137756346282188
4129,0.7723400777189756,0.8137275728878702
4130,0.7722883159196002,0.8136795106667584
4131,0.7722365546007368,0.8136314479650215
4132,0.772184793762291,0.8135833847828007
4133,0.7721330334040988,0.8135353211201926
4134,0.7720812735260553,0.8134872569773577
4135,0.7720295141280211,0.8134391923544029
4136,0.771977755209855,0.8133911272514669
4137,0.7719259967714656,0.8133430616686905
4138,0.7718742388127003,0.8132949956061672
4139,0.7718224813334095,0.813246929064049
4140,0.7717707243335246,0.813198862042482
4141,0.771718967812846,0.8131507945415412
4142,0.7716672117712843,0.8131027265614184
4143,0.7716154562087365,0.8130546581022076
4144,0.7715637011250158,0.813006589164014
4145,0.7715119465200452,0.8129585197470183
4146,0.7714601923936629,0.8129104498513036
4147,0.7714084387457549,0.812862379477027
4148,0.7713566855761969,0.812814308624305
4149,0.7713049328848397,0.8127662372932605
4150,0.7712531806715948,0.8127181654840421
4151,0.7712014289363025,0.8126700931967422
4152,0.771149677678851,0.8126220204315161
4153,0.7710979268991045,0.812573947188478
4154,0.7710461765969402,0.812525873467763
4155,0.770994426772248,0.8124777992694928
4156,0.7709426774248572,0.8124297245937809
4157,0.7708909285546575,0.8123816494407929
4158,0.7708391801615512,0.8123335738106416
4159,0.7707874322454056,0.8122854977034264
4160,0.7707356848060641,0.8122374211192782
4161,0.7706839378434069,0.8121893440583544
4162,0.7706321913573123,0.8121412665207726
4163,0.7705804453476744,0.8120931885066559
4164,0.7705286998143495,0.8120451100161115
4165,0.7704769547572192,0.8119970310492821
4166,0.7704252101761178,0.8119489516062866
4167,0.7703734660709739,0.8119008716872876
4168,0.7703217224416364,0.81185279129236
4169,0.7702699792879754,0.811804710421653
4170,0.7702182366098871,0.8117566290752983
4171,0.7701664944072069,0.8117085472533991
4172,0.7701147526798562,0.811660464956117
4173,0.7700630114276604,0.8116123821835359
4174,0.7700112706505409,0.811564298935825
4175,0.7699595303483482,0.8115162152130675
4176,0.7699077905209452,0.8114681310154104
4177,0.7698560511682186,0.8114200463429908
4178,0.7698043122900453,0.8113719611959218
4179,0.7697525738863008,0.8113238755743273
4180,0.7697008359568628,0.8112757894783313
4181,0.7696490985016087,0.8112277029080563
4182,0.7695973615203919,0.8111796158636273
4183,0.7695456250130931,0.8111315283451854
4184,0.7694938889796138,0.8110834403528538
4185,0.7694421534197986,0.8110353518867303
4186,0.7693904183335523,0.8109872629469693
4187,0.76933868372072,0.8109391735336686
4188,0.7692869495811959,0.8108910836469801
4189,0.7692352159148493,0.8108429932870111
4190,0.7691834827215527,0.8107949024538914
4191,0.7691317500011653,0.8107468111477488
4192,0.7690800177536316,0.8106987193687225
4193,0.7690282859787395,0.8106506271168754
4194,0.768976554676413,0.8106025343924073
4195,0.7689248238465248,0.8105544411954044
4196,0.7688730934889272,0.8105063475259902
4197,0.7688213636035551,0.8104582533843099
4198,0.7687696341902022,0.8104101587704355
4199,0.7687179052488166,0.8103620636845654
4200,0.7686661767792289,0.810313968126758
4201,0.7686144487813412,0.8102658720971779
4202,0.7685627212550102,0.8102177755959257
4203,0.7685109942001276,0.8101696786231435
4204,0.7684592676165494,0.8101215811789402
4205,0.7684075415041952,0.8100734832634571
4206,0.7683558158628977,0.8100253848767813
4207,0.7683040906925649,0.8099772860190726
4208,0.768252365993045,0.8099291866904272
4209,0.7682006417642354,0.8098810868909957
4210,0.7681489180059847,0.8098329866208812
4211,0.7680971947182164,0.8097848858802329
4212,0.7680454719007804,0.809736784669131
4213,0.7679937495535544,0.8096886829877223
4214,0.7679420276764145,0.8096405808361306
4215,0.7678903062692506,0.8095924782144799
4216,0.7678385853319291,0.809544375122881
4217,0.7677868648643305,0.8094962715614652
4218,0.7677351448663463,0.8094481675303542
4219,0.7676834253378216,0.8094000630296558
4220,0.7676317062786632,0.8093519580595231
4221,0.7675799876887177,0.8093038526200519
4222,0.7675282695679053,0.8092557467113924
4223,0.7674765519160738,0.8092076403336288
4224,0.7674248347331223,0.8091595334869094
4225,0.7673731180189012,0.8091114261713381
4226,0.7673214017733091,0.8090633183870616
4227,0.7672696859962238,0.8090152101341826
4228,0.7672179706875211,0.8089671014128246
4229,0.7671662558470805,0.8089189922231094
4230,0.7671145414747702,0.8088708825651595
4231,0.7670628275704928,0.8088227724391047
4232,0.7670111141340938,0.8087746618450458
4233,0.7669594011654924,0.8087265507831315
4234,0.7669076886645114,0.8086784392534494
4235,0.7668559766310833,0.8086303272561706
4236,0.7668042650650565,0.8085822147913674
4237,0.766752553966342,0.8085341018591863
4238,0.766700843334767,0.8084859884597229
4239,0.7666491331702678,0.8084378745931435
4240,0.7665974234726849,0.8083897602595167
4241,0.7665457142418981,0.8083416454589979
4242,0.7664940054778095,0.8082935301917095
4243,0.7664422971802884,0.8082454144577496
4244,0.7663905893492164,0.8081972982572483
4245,0.7663388819844634,0.8081491815903249
4246,0.7662871750859136,0.8081010644571078
4247,0.7662354686534633,0.808052946857714
4248,0.7661837626869631,0.8080048287922476
4249,0.7661320571863356,0.8079567102608558
4250,0.7660803521514084,0.8079085912636206
4251,0.7660286475820833,0.8078604718007081
4252,0.7659769434782502,0.8078123518722197
4253,0.7659252398397771,0.807764231478265
4254,0.765873536666568,0.8077161106189776
4255,0.7658218339584688,0.8076679892944523
4256,0.7657701317153743,0.8076198675048425
4257,0.7657184299371689,0.8075717452502532
4258,0.765666728623737,0.8075236225308011
4259,0.7656150277749778,0.8074754993466025
4260,0.7655633273907066,0.8074273756977585
4261,0.7655116274708603,0.8073792515844483
4262,0.7654599280153036,0.8073311270067419
4263,0.7654082290239419,0.8072830019647694
4264,0.7653565304966056,0.8072348764586318
4265,0.7653048324332129,0.8071867504884914
4266,0.7652531348336352,0.807138624054434
4267,0.765201437697768,0.8070904971565874
4268,0.7651497410254605,0.8070423697950574
4269,0.765098044816599,0.806994241969992
4270,0.7650463490711076,0.8069461136815039
4271,0.7649946537888279,0.8068979849296749
4272,0.7649429589696497,0.8068498557146593
4273,0.7648912646134526,0.8068017260365673
4274,0.7648395707201409,0.8067535958955198
4275,0.764787877289574,0.8067054652916139
4276,0.7647361843216225,0.8066573342249884
4277,0.7646844918161955,0.806609202695771
4278,0.7646327997731552,0.806561070704057
4279,0.7645811081924001,0.80651293824998
4280,0.7645294170737845,0.8064648053336443
4281,0.7644777264172334,0.8064166719551926
4282,0.7644260362226151,0.8063685381147045
4283,0.7643743464897849,0.8063204038123111
4284,0.7643226572186504,0.8062722690481514
4285,0.7642709684090697,0.8062241338223223
4286,0.7642192800609662,0.8061759981349632
4287,0.7641675921741867,0.8061278619861554
4288,0.7641159047486338,0.8060797253760476
4289,0.7640642177841949,0.8060315883047384
4290,0.7640125312807012,0.8059834507723429
4291,0.763960845238116,0.805935312779022
4292,0.763909159656273,0.805887174324823
4293,0.7638574745350432,0.8058390354099066
4294,0.7638057898743454,0.8057908960343998
4295,0.7637541056740424,0.8057427561983878
4296,0.7637024219340451,0.8056946159020055
4297,0.7636507386541932,0.8056464751453452
4298,0.76359905583439,0.8055983339285612
4299,0.763547373474513,0.8055501922517555
4300,0.7634956915744807,0.8055020501150463
4301,0.763444010134127,0.8054539075185216
4302,0.7633923291533714,0.8054057644623408
4303,0.7633406486320755,0.8053576209465887
4304,0.7632889685701374,0.8053094769714003
4305,0.7632372889674467,0.8052613325368794
4306,0.7631856098238441,0.8052131876431384
4307,0.763133931139282,0.8051650422903306
4308,0.7630822529136044,0.8051168964785107
4309,0.7630305751466703,0.8050687502078309
4310,0.7629788978384231,0.8050206034784302
4311,0.7629272209886894,0.8049724562903691
4312,0.7628755445974156,0.8049243086438183
4313,0.7628238686644422,0.8048761605388348
4314,0.7627721931896358,0.8048280119755753
4315,0.7627205181729361,0.8047798629541716
4316,0.7626688436141884,0.8047317134746879
4317,0.7626171695133002,0.8046835635372758
4318,0.7625654958701433,0.804635413142031
4319,0.7625138226845922,0.8045872622890791
4320,0.7624621499565596,0.8045391109785438
4321,0.7624104776859216,0.8044909592105182
4322,0.7623588058725339,0.804442806985121
4323,0.7623071345163139,0.8043946543024977
4324,0.7622554636171426,0.804346501162732
4325,0.7622037931748931,0.8042983475659423
4326,0.7621521231894746,0.8042501935122549
4327,0.7621004536607501,0.8042020390017633
4328,0.7620487845885968,0.8041538840346005
4329,0.7619971159729311,0.8041057286108899
4330,0.7619454478136187,0.8040575727307204
4331,0.7618937801105428,0.8040094163942192
4332,0.7618421128635994,0.8039612596015061
4333,0.7617904460726742,0.803913102352686
4334,0.7617387797376414,0.8038649446478728
4335,0.7616871138584023,0.80381678648719
4336,0.7616354484348363,0.803768627870739
4337,0.7615837834668234,0.8037204687986401
4338,0.7615321189542321,0.8036723092710125
4339,0.7614804548970084,0.8036241492879843
4340,0.7614287912949775,0.8035759888496163
4341,0.7613771281480739,0.8035278279560791
4342,0.7613254654561517,0.8034796666074411
4343,0.761273803219088,0.8034315048038448
4344,0.7612221414367901,0.8033833425454124
4345,0.7611704801091629,0.8033351798322395
4346,0.7611188192360544,0.8032870166644211
4347,0.7610671588173878,0.8032388530421073
4348,0.7610154988530025,0.8031906889653776
4349,0.7609638393428481,0.8031425244343884
4350,0.7609121802867319,0.8030943594491962
4351,0.7608605216846073,0.8030461940099852
4352,0.7608088635363582,0.8029980281168086
4353,0.7607572058418332,0.8029498617697832
4354,0.7607055486009547,0.8029016949690557
4355,0.7606538918136007,0.8028535277147056
4356,0.7606022354796482,0.8028053600068575
4357,0.7605505795989906,0.8027571918456304
4358,0.7604989241714986,0.8027090232311336
4359,0.7604472691970797,0.8026608541634933
4360,0.7603956146756327,0.8026126846428042
4361,0.7603439606070085,0.8025645146691691
4362,0.7602923069911582,0.8025163442427327
4363,0.7602406538278894,0.8024681733635495
4364,0.7601890011171314,0.8024200020318063
4365,0.7601373488587929,0.8023718302475764
4366,0.7600856970527221,0.8023236580109534
4367,0.7600340456988316,0.8022754853220847
4368,0.7599823947970105,0.8022273121810602
4369,0.7599307443471146,0.8021791385879907
4370,0.7598790943490608,0.802130964543019
4371,0.7598274448027448,0.8020827900462285
4372,0.7597757957080522,0.8020346150977253
4373,0.7597241470648337,0.8019864396976238
4374,0.7596724988730273,0.8019382638460693
4375,0.7596208511325,0.8018900875431285
4376,0.7595692038431445,0.8018419107889323
4377,0.759517557004821,0.8017937335835877
4378,0.7594659106174749,0.8017455559272333
4379,0.7594142646809563,0.8016973778199282
4380,0.7593626191951444,0.8016491992618182
4381,0.7593109741599529,0.8016010202530237
4382,0.7592593295752765,0.8015528407936332
4383,0.7592076854409858,0.8015046608837524
4384,0.7591560417569668,0.8014564805235098
4385,0.7591043985231192,0.8014082997130179
4386,0.7590527557393442,0.8013601184523778
4387,0.7590011134055099,0.8013119367416903
4388,0.7589494715215096,0.8012637545810856
4389,0.7588978300872276,0.8012155719706691
4390,0.7588461891025745,0.801167388910557
4391,0.7587945485674371,0.8011192054008427
4392,0.7587429084816941,0.8010710214416352
4393,0.7586912688452385,0.8010228370330558
4394,0.7586396296579516,0.8009746521752137
4395,0.758587990919731,0.8009264668682257
4396,0.7585363526304627,0.8008782811121953
4397,0.7584847147900471,0.8008300949072356
4398,0.7584330773983644,0.8007819082534461
4399,0.7583814404553186,0.8007337211509482
4400,0.7583298039607813,0.8006855335998366
4401,0.7582781679146501,0.8006373456002394
4402,0.7582265323168125,0.8005891571522595
4403,0.7581748971671822,0.8005409682560086
4404,0.758123262465615,0.800492778911576
4405,0.7580716282120171,0.8004445891191024
4406,0.7580199944062858,0.8003963988786823
4407,0.757968361048318,0.8003482081904194
4408,0.7579167281379671,0.8003000170544179
4409,0.7578650956751602,0.8002518254708197
4410,0.7578134636597673,0.8002036334397028
4411,0.7577618320917064,0.8001554409611944
4412,0.7577102009708394,0.8001072480353777
4413,0.7576585702970668,0.8000590546623891
4414,0.7576069400702782,0.8000108608423302
4415,0.7575553102903666,0.7999626665753102
4416,0.7575036809572497,0.7999144718614359
4417,0.7574520520707655,0.7998662767007912
4418,0.7574004236308607,0.7998180810935362
4419,0.7573487956373762,0.7997698850397257
4420,0.7572971680902406,0.7997216885395168
4421,0.7572455409893235,0.7996734915929826
4422,0.7571939143345335,0.7996252942002529
4423,0.7571422881257448,0.7995770963614189
4424,0.757090662362859,0.7995288980766057
4425,0.7570390370457905,0.7994806993459138
4426,0.7569874121743863,0.799432500169429
4427,0.7569357877485648,0.7993843005473018
4428,0.7568841637682246,0.7993361004796138
4429,0.756832540233231,0.7992878999664684
4430,0.7567809171434869,0.7992396990079987
4431,0.7567292944988974,0.799191497604302
4432,0.7566776722993573,0.7991432957554735
4433,0.756626050544742,0.7990950934616194
4434,0.7565744292349638,0.7990468907228636
4435,0.7565228083698762,0.7989986875392947
4436,0.7564711879494095,0.7989504839110552
4437,0.756419567973459,0.7989022798382186
4438,0.7563679484418866,0.7988540753208897
4439,0.756316329354605,0.7988058703592038
4440,0.7562647107114928,0.7987576649532508
4441,0.7562130925124546,0.7987094591031508
4442,0.7561614747573999,0.7986612528089981
4443,0.7561098574462014,0.7986130460708877
4444,0.7560582405787348,0.798564838888943
4445,0.7560066241549405,0.7985166312632874
4446,0.7559550081746391,0.798468423193984
4447,0.755903392637812,0.7984202146812065
4448,0.7558517775442952,0.7983720057249821
4449,0.7558001628939905,0.7983237963254677
4450,0.7557485486868142,0.7982755864827632
4451,0.7556969349226343,0.7982273761969552
4452,0.7556453216013244,0.7981791654681716
4453,0.7555937087228428,0.7981309542965398
4454,0.7555420962870303,0.7980827426821038
4455,0.7554904842938038,0.7980345306250203
4456,0.7554388727430561,0.7979863181253742
4457,0.755387261634673,0.7979381051832718
4458,0.7553356509685415,0.7978898917988273
4459,0.7552840407445631,0.7978416779721527
4460,0.7552324309626427,0.7977934637033471
4461,0.7551808216226628,0.7977452489925076
4462,0.7551292127245212,0.7976970338397485
4463,0.7550776042681056,0.7976488182451749
4464,0.7550259962533307,0.7976006022088963
4465,0.754974388680066,0.7975523857310002
4466,0.7549227815482067,0.797504168811616
4467,0.7548711748576505,0.7974559514508486
4468,0.7548195686083247,0.7974077336487992
4469,0.7547679628000702,0.797359515405544
4470,0.7547163574328296,0.7973112967212388
4471,0.7546647525064654,0.7972630775959415
4472,0.7546131480208864,0.7972148580297908
4473,0.7545615439759968,0.7971666380228764
4474,0.7545099403716509,0.7971184175752974
4475,0.7544583372077813,0.7970701966871927
4476,0.7544067344842732,0.7970219753586361
4477,0.7543551322010276,0.7969737535897394
4478,0.7543035303579352,0.7969255313806032
4479,0.7542519289548895,0.7968773087313351
4480,0.7542003279917877,0.7968290856420421
4481,0.7541487274685166,0.7967808621128285
4482,0.7540971273849895,0.7967326381438062
4483,0.7540455277410625,0.7966844137350624
4484,0.7539939285366919,0.7966361888867383
4485,0.7539423297717263,0.7965879635988815
4486,0.7538907314460793,0.7965397378716415
4487,0.753839133559641,0.7964915117051047
4488,0.7537875361123183,0.7964432850993817
4489,0.7537359391039951,0.7963950580545651
4490,0.7536843425345587,0.796346830570771
4491,0.7536327464039361,0.7962986026481111
4492,0.7535811507119706,0.7962503742866605
4493,0.7535295554586187,0.7962021454865729
4494,0.753477960643743,0.796153916247895
4495,0.7534263662672436,0.7961056865707623
4496,0.7533747723290375,0.7960574564552765
4497,0.753323178828957,0.7960092259015199
4498,0.753271585766986,0.7959609949096551
4499,0.753219993142963,0.7959127634797069
4500,0.7531684009568027,0.7958645316118302
4501,0.7531168092084,0.795816299306114
4502,0.7530652178976386,0.7957680665626614
4503,0.7530136270244536,0.7957198333815886
4504,0.7529620365886873,0.795671599762963
4505,0.7529104465902683,0.7956233657069377
4506,0.7528588570290927,0.795575131213588
4507,0.7528072679050708,0.7955268962830168
4508,0.7527556792180673,0.7954786609153148
4509,0.7527040909679871,0.7954304251106142
4510,0.7526525031547493,0.7953821888690118
4511,0.7526009157782391,0.7953339521905902
4512,0.7525493288383455,0.7952857150754618
4513,0.7524977423349721,0.795237477523739
4514,0.7524461562680006,0.7951892395355178
4515,0.7523945706373656,0.7951410011109141
4516,0.7523429854429182,0.7950927622499978
4517,0.7522914006846096,0.7950445229529135
4518,0.7522398163622989,0.7949962832197135
4519,0.7521882324758682,0.7949480430505378
4520,0.7521366490252678,0.7948998024455011
4521,0.7520850660103389,0.794851561404658
4522,0.7520334834310356,0.794803319928162
4523,0.751981901287218,0.7947550780160646
4524,0.7519303195787853,0.7947068356685028
4525,0.7518787383056523,0.7946585928855758
4526,0.7518271574677131,0.7946103496673709
4527,0.7517755770648498,0.7945621060139955
4528,0.7517239970969745,0.7945138619255648
4529,0.7516724175639766,0.7944656174021665
4530,0.7516208384657742,0.7944173724439119
4531,0.7515692598022388,0.794369127050884
4532,0.7515176815732809,0.7943208812232098
4533,0.7514661037788024,0.7942726349609797
4534,0.7514145264186969,0.7942243882642918
4535,0.751362949492872,0.7941761411332514
4536,0.7513113730012143,0.7941278935679521
4537,0.7512597969436382,0.7940796455685067
4538,0.751208221320011,0.7940313971350029
4539,0.7511566461302667,0.7939831482675683
4540,0.7511050713742906,0.7939348989662739
4541,0.7510534970519612,0.7938866492312324
4542,0.7510019231632313,0.7938383990625639
4543,0.7509503497079251,0.7937901484603204
4544,0.7508987766860009,0.7937418974246699
4545,0.7508472040973502,0.7936936459556616
4546,0.7507956319418401,0.7936453940534005
4547,0.7507440602193919,0.7935971417180185
4548,0.7506924889299166,0.793548888949597
4549,0.750640918073293,0.7935006357482236
4550,0.7505893476494252,0.7934523821140194
4551,0.7505377776582223,0.7934041280470802
4552,0.7504862080995601,0.7933558735474977
4553,0.7504346389733647,0.7933076186153941
4554,0.7503830702795173,0.793259363250845
4555,0.7503315020179282,0.7932111074539688
4556,0.7502799341885078,0.7931628512248564
4557,0.7502283667911358,0.7931145945635959
4558,0.7501767998257177,0.7930663374703082
4559,0.7501252332921639,0.7930180799450871
4560,0.7500736671903487,0.7929698219880236
4561,0.7500221015202018,0.7929215635992398
4562,0.7499705362816048,0.7928733047788109
4563,0.749918971474455,0.7928250455268524
4564,0.749867407098678,0.7927767858434668
4565,0.7498158431541416,0.7927285257287309
4566,0.7497642796407654,0.7926802651827733
4567,0.7497127165584467,0.7926320042056779
4568,0.749661153907089,0.7925837427975438
4569,0.7496095916865835,0.7925354809584721
4570,0.7495580298968387,0.7924872186885668
4571,0.7495064685377405,0.7924389559879234
4572,0.7494549076092297,0.7923906928566512
4573,0.7494033471111368,0.7923424292948157
4574,0.7493517870434456,0.79229416530258
4575,0.7493002274059813,0.7922459008799663
4576,0.7492486681987092,0.7921976360271437
4577,0.7491971094214748,0.7921493707441514
4578,0.7491455510742233,0.7921011050311415
4579,0.749093993156832,0.7920528388881695
4580,0.7490424356692049,0.792004572315358
4581,0.7489908786112242,0.7919563053128031
4582,0.748939321982851,0.7919080378806196
4583,0.748887765783913,0.7918597700188525
4584,0.7488362100143645,0.7918115017276691
4585,0.7487846546740763,0.791763233007118
4586,0.7487330997629739,0.7917149638573249
4587,0.7486815452809471,0.7916666942783686
4588,0.7486299912279148,0.7916184242703573
4589,0.7485784376037372,0.7915701538333735
4590,0.7485268844083275,0.7915218829675525
4591,0.7484753316416268,0.7914736116729841
4592,0.7484237793034939,0.7914253399497274
4593,0.7483722273938516,0.7913770677979243
4594,0.7483206759125772,0.7913287952176518
4595,0.7482691248596125,0.7912805222090287
4596,0.7482175742348429,0.7912322487721181
4597,0.7481660240381676,0.7911839749070336
4598,0.7481144742694525,0.7911357006138761
4599,0.7480629249286794,0.791087425892774
4600,0.7480113760156838,0.7910391507437559
4601,0.7479598275304052,0.7909908751669767
4602,0.747908279472697,0.7909425991625039
4603,0.7478567318425311,0.7908943227304767
4604,0.747805184639769,0.7908460458709318
4605,0.7477536378643133,0.7907977685840022
4606,0.7477020915160597,0.7907494908697856
4607,0.7476505455949276,0.7907012127283877
4608,0.7475990001008197,0.7906529341598875
4609,0.7475474550336281,0.7906046551643839
4610,0.7474959103932723,0.7905563757419846
4611,0.7474443661796399,0.7905080958927685
4612,0.7473928223926208,0.7904598156168512
4613,0.7473412790321461,0.7904115349143377
4614,0.7472897360981376,0.7903632537853023
4615,0.7472381935904345,0.7903149722298223
4616,0.7471866515089906,0.7902666902480547
4617,0.7471351098536635,0.7902184078400496
4618,0.747083568624416,0.7901701250059447
4619,0.747032027821099,0.7901218417457839
4620,0.7469804874436581,0.7900735580597089
4621,0.7469289474919522,0.7900252739477818
4622,0.7468774079659194,0.7899769894101362
4623,0.7468258688654529,0.7899287044468384
4624,0.7467743301904727,0.7898804190579956
4625,0.7467227919408405,0.7898321332436877
4626,0.7466712541164972,0.7897838470040492
4627,0.7466197167173119,0.789735560339143
4628,0.7465681797432447,0.7896872732490963
4629,0.746516643194122,0.789638985733956
4630,0.7464651070699235,0.7895906977938862
4631,0.7464135713705208,0.7895424094289151
4632,0.7463620360958014,0.7894941206391681
4633,0.7463105012457061,0.7894458314247568
4634,0.7462589668201047,0.7893975417857421
4635,0.7462074328189081,0.7893492517222529
4636,0.7461558992420315,0.7893009612343782
4637,0.7461043660893799,0.7892526703222033
4638,0.7460528333608499,0.7892043789858245
4639,0.746001301056344,0.7891560872253427
4640,0.7459497691757768,0.789107795040857
4641,0.7458982377190456,0.7890595024324518
4642,0.7458467066860622,0.7890112094002313
4643,0.7457951760767036,0.7889629159442828
4644,0.745743645890903,0.7889146220647274
4645,0.7456921161285691,0.7888663277616353
4646,0.745640586789592,0.7888180330350965
4647,0.7455890578738784,0.7887697378852198
4648,0.7455375293813242,0.7887214423120998
4649,0.7454860013118787,0.7886731463158394
4650,0.7454344736653735,0.788624849896492
4651,0.7453829464417528,0.7885765530542208
4652,0.745331419640941,0.7885282557890847
4653,0.7452798932628164,0.7884799581011614
4654,0.7452283673073106,0.7884316599905691
4655,0.745176841774285,0.7883833614573794
4656,0.745125316663679,0.7883350625017275
4657,0.7450737919753854,0.7882867631236768
4658,0.7450222677093135,0.7882384633233324
4659,0.7449707438653778,0.7881901631007843
4660,0.7449192204434709,0.7881418624561235
4661,0.744867697443487,0.7880935613894515
4662,0.7448161748653525,0.7880452599008748
4663,0.7447646527089457,0.7879969579904691
4664,0.7447131309742117,0.7879486556583537
4665,0.7446616096610611,0.787900352904585
4666,0.7446100887693725,0.7878520497292547
4667,0.7445585682990278,0.7878037461324826
4668,0.7445070482499624,0.7877554421143833
4669,0.7444555286220899,0.7877071376750244
4670,0.7444040094152922,0.7876588328144928
4671,0.7443524906295146,0.7876105275329035
4672,0.7443009722646349,0.7875622218303167
4673,0.7442494543205443,0.7875139157068508
4674,0.7441979367971657,0.787465609162613
4675,0.7441464196944224,0.7874173021976834
4676,0.7440949030121938,0.78736899481214
4677,0.7440433867504137,0.7873206870060984
4678,0.7439918709089678,0.7872723787796292
4679,0.7439403554877484,0.787224070132844
4680,0.7438888404866996,0.7871757610658512
4681,0.743837325905707,0.787127451578709
4682,0.7437858117446865,0.7870791416715285
4683,0.7437342980035314,0.7870308313443969
4684,0.7436827846821404,0.7869825205974172
4685,0.7436312717804409,0.7869342094306917
4686,0.7435797592983371,0.7868858978442957
4687,0.7435282472357396,0.7868375858383221
4688,0.7434767355925385,0.7867892734128614
4689,0.7434252243686499,0.7867409605680241
4690,0.7433737135639835,0.7866926473038932
4691,0.7433222031784532,0.7866443336205589
4692,0.7432706932119261,0.7865960195181091
4693,0.7432191836643603,0.7865477049966716
4694,0.7431676745356441,0.7864993900562947
4695,0.7431161658256941,0.7864510746970866
4696,0.7430646575343931,0.7864027589191327
4697,0.743013149661667,0.7863544427225468
4698,0.7429616422074066,0.7863061261074062
4699,0.7429101351715436,0.7862578090738178
4700,0.7428586285539911,0.7862094916218514
4701,0.7428071223546147,0.7861611737515956
4702,0.7427556165733347,0.7861128554631804
4703,0.7427041112100994,0.7860645367566872
4704,0.7426526062647746,0.7860162176321703
4705,0.7426011017372676,0.7859678980897598
4706,0.7425495976275264,0.7859195781295508
4707,0.7424980939354165,0.7858712577515965
4708,0.7424465906608697,0.7858229369560283
4709,0.7423950878037725,0.785774615742916
4710,0.7423435853640514,0.785726294112373
4711,0.7422920833416261,0.7856779720644728
4712,0.7422405817363567,0.7856296495992973
4713,0.742189080548221,0.7855813267169811
4714,0.7421375797770623,0.7855330034175545
4715,0.7420860794228158,0.7854846797011663
4716,0.7420345794853969,0.7854363555678854
4717,0.7419830799647231,0.785388031017796
4718,0.7419315808606681,0.785339706050981
4719,0.7418800821731584,0.7852913806675658
4720,0.7418285839021005,0.7852430548676236
4721,0.741777086047404,0.7851947286512468
4722,0.7417255886089963,0.7851464020185277
4723,0.7416740915867576,0.7850980749695414
4724,0.7416225949806118,0.7850497475044025
4725,0.7415710987904711,0.7850014196231907
4726,0.7415196030162189,0.784953091325991
4727,0.7414681076577881,0.7849047626129221
4728,0.741416612715095,0.7848564334840492
4729,0.7413651181880188,0.7848081039394594
4730,0.7413136240764954,0.7847597739792698
4731,0.7412621303804144,0.7847114436035459
4732,0.7412106370997067,0.7846631128123983
4733,0.7411591442342571,0.7846147816058968
4734,0.7411076517840056,0.7845664499841547
4735,0.7410561597488334,0.7845181179472339
4736,0.7410046681286504,0.7844697854952527
4737,0.7409531769233838,0.7844214526283001
4738,0.7409016861329396,0.7843731193464495
4739,0.7408501957572166,0.7843247856497958
4740,0.7407987057961168,0.7842764515384384
4741,0.740747216249584,0.7842281170124759
4742,0.740695727117504,0.7841797820719663
4743,0.7406442383997794,0.7841314467170222
4744,0.7405927500963425,0.7840831109477397
4745,0.7405412622070774,0.7840347747641896
4746,0.7404897747319147,0.7839864381664845
4747,0.7404382876707467,0.783938101154697
4748,0.7403868010235107,0.7838897637289315
4749,0.7403353147900852,0.7838414258892543
4750,0.740283828970401,0.7837930876357837
4751,0.7402323435643589,0.7837447489685904
4752,0.7401808585718749,0.7836964098877726
4753,0.7401293739928556,0.7836480703934164
4754,0.740077889827201,0.7835997304856128
4755,0.740026406074865,0.7835513901644622
4756,0.7399749227356944,0.7835030494300137
4757,0.7399234398096253,0.7834547082824166
4758,0.7398719572966128,0.7834063667217349
4759,0.7398204751964903,0.783358024748018
4760,0.7397689935092086,0.7833096823614266
4761,0.739717512234697,0.7832613395620133
4762,0.7396660313728396,0.7832129963498486
4763,0.7396145509235386,0.7831646527250471
4764,0.7395630708867242,0.7831163086877075
4765,0.7395115912623053,0.783067964237901
4766,0.7394601120501834,0.7830196193757161
4767,0.7394086332502899,0.7829712741012512
4768,0.7393571548624985,0.7829229284145774
4769,0.7393056768867602,0.7828745823158191
4770,0.7392541993229704,0.7828262358050269
4771,0.739202722171026,0.7827778888823032
4772,0.7391512454308569,0.782729541547752
4773,0.7390997691023686,0.7826811938014442
4774,0.7390482931854736,0.7826328456434738
4775,0.7389968176800755,0.7825844970739284
4776,0.7389453425860953,0.7825361480929027
4777,0.7388938679034319,0.7824877987004781
4778,0.7388423936320159,0.7824394488967541
4779,0.7387909197717553,0.7823910986818017
4780,0.7387394463225258,0.7823427480557124
4781,0.7386879732843081,0.7822943970186075
4782,0.7386365006569486,0.7822460455705119
4783,0.7385850284403748,0.7821976937115741
4784,0.7385335566345168,0.7821493414418679
4785,0.7384820852392858,0.7821009887614644
4786,0.7384306142545836,0.7820526356704526
4787,0.7383791436803296,0.7820042821689299
4788,0.7383276735164122,0.7819559282569768
4789,0.7382762037627819,0.7819075739347046
4790,0.7382247344193105,0.7818592192021641
4791,0.7381732654859221,0.7818108640594809
4792,0.738121796962584,0.7817625085067325
4793,0.7380703288490933,0.7817141525439554
4794,0.7380188611454613,0.7816657961713431
4795,0.7379673938515828,0.7816174393888923
4796,0.7379159269673414,0.7815690821967074
4797,0.737864460492677,0.7815207245949016
4798,0.7378129944274584,0.7814723665835379
4799,0.7377615287716461,0.7814240081627429
4800,0.7377100635251561,0.7813756493325614
4801,0.737658598687846,0.781327290093078
4802,0.7376071342596886,0.7812789304444303
4803,0.7375556702405398,0.7812305703866476
4804,0.7375042066303573,0.7811822099198715
4805,0.7374527434290422,0.7811338490441487
4806,0.7374012806365119,0.781085487759577
4807,0.7373498182526634,0.7810371260662382
4808,0.7372983562774115,0.7809887639642343
4809,0.7372468947106816,0.7809404014536516
4810,0.737195433552389,0.7808920385345658
4811,0.7371439728024332,0.7808436752070582
4812,0.7370925124607199,0.7807953114712339
4813,0.7370410525271931,0.7807469473271822
4814,0.7369895930017454,0.7806985827749633
4815,0.7369381338842717,0.780650217814683
4816,0.7368866751747245,0.7806018524464434
4817,0.7368352168730022,0.7805534866702981
4818,0.7367837589790035,0.7805051204863445
4819,0.7367323014926482,0.7804567538946855
4820,0.7366808444138696,0.7804083868953986
4821,0.7366293877425529,0.7803600194885542
4822,0.7365779314786404,0.780311651674265
4823,0.7365264756220093,0.7802632834525894
4824,0.7364750201726099,0.7802149148236486
4825,0.7364235651303283,0.7801665457874951
4826,0.7363721104950868,0.7801181763442402
4827,0.7363206562668252,0.7800698064939617
4828,0.7362692024454126,0.7800214362367233
4829,0.7362177490307977,0.7799730655726514
4830,0.7361662960228844,0.7799246945017997
4831,0.7361148434215617,0.7798763230242649
4832,0.7360633912268049,0.7798279511401538
4833,0.7360119394384377,0.7797795788494986
4834,0.7359604880564581,0.7797312061524666
4835,0.7359090370807417,0.7796828330490673
4836,0.7358575865112215,0.7796344595394211
4837,0.7358061363477824,0.7795860856235973
4838,0.7357546865903538,0.7795377113017079
4839,0.7357032372388567,0.7794893365738255
4840,0.7356517882932032,0.7794409614400307
4841,0.7356003397532986,0.7793925859004074
4842,0.7355488916190721,0.7793442099550526
4843,0.7354974438904259,0.7792958336040385
4844,0.7354459965672723,0.7792474568474611
4845,0.7353945496495358,0.7791990796854078
4846,0.7353431031371324,0.7791507021179548
4847,0.7352916570299591,0.7791023241451849
4848,0.735240211327966,0.7790539457672025
4849,0.7351887660310339,0.779005566984059
4850,0.7351373211390853,0.7789571877958703
4851,0.7350858766520361,0.7789088082027145
4852,0.7350344325698182,0.7788604282046762
4853,0.7349829888923312,0.7788120478018259
4854,0.7349315456194805,0.7787636669942615
4855,0.7348801027511734,0.7787152857820765
4856,0.7348286602873757,0.7786669041653639
4857,0.7347772182279555,0.7786185221441609
4858,0.734725776572862,0.7785701397185966
4859,0.7346743353219848,0.7785217568887245
4860,0.7346228944752214,0.7784733736546522
4861,0.7345714540325335,0.7784249900164818
4862,0.734520013993815,0.7783766059742538
4863,0.7344685743589754,0.7783282215280738
4864,0.7344171351279422,0.7782798366780315
4865,0.7343656963006227,0.7782314514241998
4866,0.73431425787693,0.7781830657666715
4867,0.7342628198567929,0.7781346797055334
4868,0.7342113822401081,0.778086293240857
4869,0.7341599450268027,0.7780379063727452
4870,0.7341085082168086,0.7779895191012693
4871,0.7340570718100108,0.7779411314265017
4872,0.7340056358063402,0.7778927433485535
4873,0.7339542002057283,0.7778443548674951
4874,0.7339027650080531,0.7777959659833955
4875,0.7338513302132567,0.7777475766963748
4876,0.7337998958212506,0.7776991870064924
4877,0.7337484618319499,0.7776507969138362
4878,0.7336970282452763,0.7776024064184925
4879,0.7336455950611285,0.7775540155205396
4880,0.7335941622794504,0.777505624220074
4881,0.7335427299001532,0.7774572325171585
4882,0.7334912979231,0.7774088404118795
4883,0.7334398663483003,0.7773604479043695
4884,0.733388435175602,0.7773120549946275
4885,0.7333370044049374,0.7772636616827978
4886,0.7332855740362271,0.7772152679689519
4887,0.7332341440693871,0.7771668738531688
4888,0.7331827145043363,0.7771184793355318
4889,0.7331312853409873,0.7770700844161227
4890,0.7330798565792631,0.7770216890950286
4891,0.733028428219073,0.7769732933723263
4892,0.7329770002603256,0.7769248972481069
4893,0.7329255727029536,0.7768765007224598
4894,0.7328741455468801,0.7768281037954553
4895,0.7328227187919981,0.7767797064671692
4896,0.732771292438241,0.7767313087377088
4897,0.732719866485511,0.7766829106071385
4898,0.7326684409337532,0.776634512075558
4899,0.7326170157828773,0.7765861131430227
4900,0.7325655910327588,0.7765377138096224
4901,0.7325141666833803,0.7764893140754798
4902,0.7324627427345879,0.7764409139406159
4903,0.7324113191863636,0.7763925134051797
4904,0.7323598960385932,0.7763441124691943
4905,0.7323084732911948,0.7762957111327699
4906,0.7322570509440895,0.7762473093959915
4907,0.7322056289971915,0.7761989072589366
4908,0.7321542074504512,0.7761505047216902
4909,0.7321027863037185,0.7761021017843035
4910,0.7320513655569536,0.7760536984469243
4911,0.7319999452100789,0.776005294709593
4912,0.7319485252630086,0.7759568905723899
4913,0.7318971057156499,0.7759084860353994
4914,0.7318456865679454,0.7758600810987129
4915,0.7317942678197507,0.7758116757623893
4916,0.731742849471056,0.7757632700265695
4917,0.7316914315217385,0.7757148638912698
4918,0.7316400139717307,0.7756664573566076
4919,0.7315885968209452,0.7756180504226515
4920,0.7315371800692936,0.7755696430894898
4921,0.7314857637167346,0.7755212353572112
4922,0.7314343477631151,0.775472827225858
4923,0.7313829322083939,0.7754244186955785
4924,0.7313315170525067,0.7753760097664175
4925,0.7312801022953359,0.7753276004384403
4926,0.7312286879368342,0.7752791907117628
4927,0.731177273976881,0.7752307805864321
4928,0.7311258604154264,0.7751823700625687
4929,0.7310744472523731,0.7751339591402229
4930,0.7310230344876577,0.7750855478194923
4931,0.7309716221211785,0.775037136100442
4932,0.7309202101528575,0.774988723983171
4933,0.7308687985826045,0.7749403114677568
4934,0.7308173874103697,0.7748918985542901
4935,0.7307659766360548,0.7748434852428228
4936,0.7307145662595583,0.774795071533453
4937,0.7306631562808407,0.7747466574262785
4938,0.7306117466997616,0.7746982429213433
4939,0.7305603375163174,0.7746498280187842
4940,0.7305089287303647,0.7746014127186087
4941,0.7304575203418344,0.7745529970209564
4942,0.730406112350646,0.7745045809258969
4943,0.7303547047567518,0.7744561644335113
4944,0.7303032975600431,0.7744077475438499
4945,0.7302518907604341,0.7743593302570193
4946,0.7302004843578385,0.7743109125731027
4947,0.7301490783522058,0.7742624944921899
4948,0.7300976727434345,0.7742140760143317
4949,0.7300462675314482,0.7741656571396267
4950,0.7299948627161612,0.7741172378681533
4951,0.7299434582975008,0.7740688181999958
4952,0.7298920542753813,0.7740203981352282
4953,0.7298406506497136,0.7739719776739364
4954,0.7297892474204599,0.7739235568162071
4955,0.72973784458748,0.7738751355620832
4956,0.7296864421507212,0.7738267139116998
4957,0.7296350401100966,0.7737782918651109
4958,0.7295836384655454,0.7737298694224024
4959,0.7295322372169815,0.7736814465836378
4960,0.7294808363642954,0.7736330233489033
4961,0.7294294359074291,0.7735845997183053
4962,0.7293780358462998,0.7735361756919026
4963,0.7293266361808455,0.7734877512697799
4964,0.7292752369109681,0.7734393264519994
4965,0.7292238380365798,0.773390901238656
4966,0.7291724395576187,0.7733424756298392
4967,0.729121041473988,0.773294049625614
4968,0.7290696437856419,0.7732456232260712
4969,0.7290182464924446,0.7731971964312623
4970,0.7289668495943549,0.7731487692413178
4971,0.7289154530912919,0.7731003416562824
4972,0.7288640569831546,0.7730519136762373
4973,0.7288126612698873,0.7730034853012806
4974,0.7287612659513919,0.7729550565314703
4975,0.7287098710276165,0.7729066273669045
4976,0.7286584764984573,0.7728581978076338
4977,0.7286070823638328,0.7728097678537642
4978,0.7285556886236821,0.772761337505375
4979,0.7285042952778911,0.772712906762528
4980,0.7284529023264282,0.772664475625335
4981,0.7284015097691646,0.7726160440938318
4982,0.7283501176060728,0.7725676121681428
4983,0.72829872583703,0.7725191798483002
4984,0.7282473344619862,0.7724707471344239
4985,0.7281959434808417,0.7724223140265634
4986,0.7281445528935283,0.7723738805248198
4987,0.7280931626999743,0.7723254466292607
4988,0.7280417729000775,0.7722770123399594
4989,0.7279903834937909,0.7722285776570145
4990,0.7279389944809844,0.772180142580477
4991,0.7278876058616228,0.7721317071104715
4992,0.7278362176356182,0.7720832712470386
4993,0.7277848298029016,0.7720348349902643
4994,0.7277334423633764,0.7719863983402192
4995,0.7276820553169788,0.771937961296997
4996,0.7276306686635995,0.7718895238606637
4997,0.727579282403196,0.7718410860313262
4998,0.7275278965356835,0.7717926478090291
4999,0.7274765110609479,0.7717442091938578
5000,0.7274251259789463,0.7716957701859233
5001,0.7273737412896093,0.7716473307852697
5002,0.7273223569928334,0.7715988909919697
5003,0.7272709730885355,0.771550450806123
5004,0.727219589576662,0.7715020102278131
5005,0.7271682064571133,0.7714535692570956
5006,0.727116823729836,0.771405127894067
5007,0.7270654413947156,0.7713566861387847
5008,0.7270140594517093,0.7713082439913592
5009,0.7269626779007148,0.7712598014518357
5010,0.7269112967416727,0.7712113585203169
5011,0.7268599159744816,0.7711629151968598
5012,0.7268085355990803,0.7711144714815673
5013,0.7267571556154022,0.7710660273745003
5014,0.7267057760233223,0.7710175828757267
5015,0.7266543968228221,0.7709691379853678
5016,0.7266030180137887,0.7709206927034469
5017,0.7265516395961632,0.7708722470300743
5018,0.7265002615698575,0.7708238009653083
5019,0.7264488839347735,0.7707753545092393
5020,0.7263975066908698,0.7707269076619625
5021,0.7263461298380357,0.7706784604235213
5022,0.7262947533762419,0.7706300127940249
5023,0.726243377305337,0.7705815647735058
5024,0.7261920016253272,0.7705331163621107
5025,0.7261406263360489,0.7704846675598388
5026,0.7260892514375183,0.7704362183668463
5027,0.72603787692957,0.7703877687831258
5028,0.7259865028121829,0.7703393188088352
5029,0.7259351290852387,0.7702908684440004
5030,0.7258837557487265,0.7702424176887364
5031,0.7258323828024978,0.7701939665430568
5032,0.7257810102465081,0.7701455150071097
5033,0.725729638080687,0.7700970630809378
5034,0.7256782663049336,0.7700486107646125
5035,0.7256268949191896,0.770000158058235
5036,0.7255755239233643,0.7699517049618634
5037,0.7255241533174099,0.7699032514755866
5038,0.725472783101197,0.7698547975994565
5039,0.7254214132747029,0.7698063433335979
5040,0.7253700438378271,0.7697578886780381
5041,0.7253186747904756,0.7697094336328743
5042,0.7252673061326047,0.7696609781981996
5043,0.7252159378641237,0.769612522374062
5044,0.7251645699849386,0.7695640661605487
5045,0.7251132024950021,0.769515609557753
5046,0.7250618353942103,0.7694671525657263
5047,0.725010468682509,0.7694186951845682
5048,0.7249591023598255,0.7693702374143343
5049,0.7249077364260533,0.7693217792551003
5050,0.7248563708811373,0.7692733207069671
5051,0.724805005725002,0.7692248617699944
5052,0.7247536409575828,0.7691764024442564
5053,0.7247022765787534,0.7691279427298179
5054,0.724650912588493,0.769079482626802
5055,0.7245995489866921,0.7690310221352349
5056,0.7245481857732913,0.7689825612552209
5057,0.7244968229481983,0.7689340999868235
5058,0.7244454605113705,0.7688856383301319
5059,0.7243940984626847,0.768837176285192
5060,0.7243427368020968,0.7687887138521232
5061,0.724291375529525,0.7687402510309712
5062,0.7242400146448933,0.7686917878218197
5063,0.7241886541481005,0.7686433242247428
5064,0.7241372940391319,0.7685948602398397
5065,0.7240859343178527,0.7685463958671307
5066,0.7240345749842167,0.7684979311067449
5067,0.7239832160381261,0.768449465958732
5068,0.7239318574795265,0.7684010004231877
5069,0.7238804993083244,0.7683525345001673
5070,0.7238291415244653,0.7683040681897634
5071,0.7237777841278676,0.7682556014920332
5072,0.7237264271184501,0.7682071344070569
5073,0.7236750704961291,0.7681586669349151
5074,0.7236237142608232,0.7681101990756897
5075,0.7235723584124917,0.7680617308294647
5076,0.7235210029510329,0.7680132621962809
5077,0.7234696478763807,0.7679647931762384
5078,0.7234182931884492,0.7679163237694049
5079,0.723366938887179,0.7678678539758647
5080,0.7233155849724842,0.7678193837956784
5081,0.7232642314442895,0.767770913228932
5082,0.723212878302509,0.7677224422756992
5083,0.7231615255470915,0.7676739709360667
5084,0.7231101731779627,0.7676254992100869
5085,0.7230588211950203,0.7675770270978339
5086,0.723007469598213,0.7675285545994077
5087,0.7229561183874387,0.7674800817148618
5088,0.7229047675626576,0.7674316084442966
5089,0.7228534171237911,0.7673831347877541
5090,0.7228020670707358,0.767334660745313
5091,0.7227507174034119,0.7672861863170736
5092,0.7226993681217909,0.7672377115031153
5093,0.7226480192257667,0.7671892363034719
5094,0.7225966707152726,0.7671407607182443
5095,0.7225453225902262,0.767092284747503
5096,0.7224939748505724,0.7670438083913285
5097,0.7224426274962149,0.7669953316497766
5098,0.7223912805270665,0.7669468545229415
5099,0.722339933943088,0.7668983770109106
5100,0.7222885877442019,0.7668498991137271
5101,0.7222372419303056,0.7668014208314647
5102,0.722185896501359,0.766752942164227
5103,0.7221345514572522,0.7667044631120545
5104,0.7220832067979386,0.7666559836750568
5105,0.7220318625233312,0.7666075038532807
5106,0.7219805186333444,0.7665590236468129
5107,0.7219291751279293,0.7665105430557377
5108,0.7218778320070067,0.7664620620801054
5109,0.7218264892704818,0.766413580719997
5110,0.7217751469182981,0.766365098975504
5111,0.7217238049503873,0.7663166168466833
5112,0.7216724633666791,0.7662681343336064
5113,0.7216211221670473,0.7662196514363422
5114,0.7215697813514963,0.766171168155013
5115,0.7215184409198799,0.76612268448962
5116,0.7214671008721776,0.7660742004403032
5117,0.7214157612083049,0.7660257160070901
5118,0.7213644219281519,0.7659772311900614
5119,0.7213130830316777,0.7659287459893264
5120,0.7212617445188344,0.7658802604049265
5121,0.7212104063894799,0.765831774436913
5122,0.7211590686435981,0.7657832880854221
5123,0.7211077312810822,0.7657348013504754
5124,0.7210563943018771,0.7656863142321746
5125,0.721005057705902,0.7656378267305785
5126,0.7209537214930823,0.7655893388457665
5127,0.7209023856633615,0.7655408505778134
5128,0.7208510502166253,0.7654923619267763
5129,0.7207997151528422,0.7654438728927676
5130,0.7207483804719236,0.7653953834758216
5131,0.7206970461737919,0.7653468936760246
5132,0.7206457122583834,0.7652984034934555
5133,0.7205943787256206,0.7652499129281768
5134,0.7205430455754247,0.765201421980268
5135,0.7204917128077383,0.7651529306498058
5136,0.7204403804224553,0.765104438936849
5137,0.7203890484195314,0.7650559468415001
5138,0.7203377167989116,0.7650074543638083
5139,0.7202863855604709,0.7649589615038289
5140,0.7202350547041826,0.7649104682616819
5141,0.7201837242299334,0.7648619746373985
5142,0.7201323941376939,0.7648134806310888
5143,0.7200810644273591,0.7647649862427838
5144,0.7200297350988595,0.7647164914725889
5145,0.7199784061521399,0.7646679963205709
5146,0.7199270775871066,0.7646195007867895
5147,0.719875749403709,0.7645710048713346
5148,0.719824421601865,0.7645225085742599
5149,0.7197730941814735,0.7644740118956438
5150,0.7197217671425283,0.7644255148355893
5151,0.7196704404848885,0.7643770173941047
5152,0.7196191142085224,0.7643285195713269
5153,0.7195677883133399,0.7642800213672907
5154,0.7195164627992706,0.7642315227820837
5155,0.7194651376662495,0.7641830238157776
5156,0.7194138129141923,0.7641345244684379
5157,0.719362488543059,0.764086024740148
5158,0.7193111645527395,0.7640375246309508
5159,0.719259840943168,0.7639890241409519
5160,0.7192085177142846,0.7639405232702186
5161,0.7191571948660233,0.7638920220188117
5162,0.7191058723982855,0.7638435203867975
5163,0.7190545503110167,0.7637950183742721
5164,0.7190032286041322,0.7637465159812923
5165,0.7189519072775891,0.7636980132079418
5166,0.7189005863313015,0.7636495100542641
5167,0.7188492657651753,0.763601006520347
5168,0.718797945579151,0.7635525026062793
5169,0.7187466257731956,0.7635039983121253
5170,0.7186953063471743,0.7634554936379162
5171,0.7186439873010549,0.7634069885837875
5172,0.7185926686347497,0.7633584831497701
5173,0.7185413503482029,0.7633099773359527
5174,0.7184900324413265,0.7632614711423907
5175,0.7184387149140512,0.763212964569172
5176,0.71838739776632,0.7631644576163669
5177,0.7183360809980388,0.7631159502840308
5178,0.7182847646091493,0.7630674425722587
5179,0.7182334485995954,0.7630189344811087
5180,0.7181821329692623,0.7629704260106376
5181,0.7181308177181304,0.7629219171609587
5182,0.7180795028460838,0.7628734079320936
5183,0.7180281883530923,0.7628248983241549
5184,0.7179768742390392,0.7627763883371774
5185,0.717925560503879,0.7627278779712732
5186,0.7178742471475609,0.7626793672264902
5187,0.7178229341699871,0.76263085610288
5188,0.7177716215710871,0.7625823446005401
5189,0.7177203093507765,0.7625338327195389
5190,0.7176689975090218,0.7624853204599606
5191,0.7176176860457392,0.7624368078218424
5192,0.717566374960837,0.7623882948052667
5193,0.7175150642542439,0.7623397814103229
5194,0.7174637539259068,0.7622912676370819
5195,0.7174124439757786,0.7622427534856004
5196,0.7173611344037435,0.7621942389559252
5197,0.7173098252097345,0.7621457240481699
5198,0.7172585163937121,0.7620972087623997
5199,0.7172072079555962,0.7620486930986601
5200,0.7171558998952827,0.7620001770570265
5201,0.7171045922127246,0.7619516606376031
5202,0.7170532849078548,0.7619031438404377
5203,0.7170019779806277,0.7618546266655976
5204,0.7169506714309295,0.7618061091131305
5205,0.7168993652586887,0.7617575911831471
5206,0.7168480594638827,0.7617090728757188
5207,0.716796754046388,0.7616605541908716
5208,0.7167454490061623,0.7616120351287257
5209,0.7166941443431201,0.7615635156893231
5210,0.7166428400572258,0.7615149958727521
5211,0.716591536148355,0.7614664756790475
5212,0.7165402326164981,0.7614179551083307
5213,0.7164889294615177,0.7613694341606161
5214,0.716437626683398,0.7613209128360356
5215,0.7163863242820326,0.7612723911346113
5216,0.7163350222573934,0.7612238690564432
5217,0.716283720609374,0.7611753466015646
5218,0.7162324193379197,0.7611268237700786
5219,0.7161811184429574,0.761078300562041
5220,0.7161298179244135,0.7610297769775258
5221,0.7160785177822133,0.7609812530166052
5222,0.7160272180163082,0.7609327286793539
5223,0.715975918626613,0.7608842039658219
5224,0.7159246196130468,0.7608356788760938
5225,0.7158733209755668,0.7607871534102488
5226,0.7158220227140932,0.7607386275683317
5227,0.7157707248285338,0.7606901013504218
5228,0.715719427318858,0.7606415747566106
5229,0.7156681301849609,0.7605930477869303
5230,0.7156168334268007,0.7605445204414834
5231,0.7155655370442838,0.7604959927203159
5232,0.7155142410373554,0.7604474646235153
5233,0.7154629454059361,0.7603989361511405
5234,0.7154116501499705,0.7603504073032695
5235,0.7153603552693788,0.760301878079959
5236,0.7153090607640932,0.7602533484812882
5237,0.7152577666340599,0.7602048185073246
5238,0.7152064728791592,0.760156288158122
5239,0.7151551794993896,0.7601077574337974
5240,0.7151038864946501,0.7600592263343595
5241,0.7150525938648683,0.7600106948599032
5242,0.7150013016099702,0.7599621630105027
5243,0.7149500097298824,0.7599136307862309
5244,0.7148987182245703,0.7598650981871615
5245,0.7148474270939346,0.7598165652133311
5246,0.7147961363379142,0.7597680318648372
5247,0.7147448459564563,0.7597194981417406
5248,0.7146935559494678,0.7596709640440973
5249,0.7146422663168822,0.759622429571996
5250,0.7145909770586392,0.7595738947255057
5251,0.7145396881746667,0.7595253595046851
5252,0.7144883996648778,0.7594768239096087
5253,0.714437111529258,0.7594282879403598
5254,0.7143858237676769,0.7593797515969569
5255,0.7143345363800949,0.7593312148795268
5256,0.7142832493664509,0.759282677788112
5257,0.7142319627266607,0.7592341403227727
5258,0.7141806764606514,0.759185602483593
5259,0.714129390568396,0.7591370642706438
5260,0.7140781050497518,0.7590885256839568
5261,0.7140268199047182,0.7590399867236688
5262,0.7139755351332103,0.7589914473897839
5263,0.7139242507351166,0.7589429076823897
5264,0.7138729667104057,0.7588943676015905
5265,0.7138216830590374,0.7588458271474215
5266,0.7137703997808832,0.7587972863199248
5267,0.713719116875935,0.7587487451192273
5268,0.7136678343440658,0.7587002035453374
5269,0.7136165521852356,0.7586516615983796
5270,0.7135652703993868,0.7586031192783973
5271,0.7135139889864358,0.7585545765854469
5272,0.7134627079463184,0.758506033519611
5273,0.7134114272789651,0.7584574900809549
5274,0.7133601469843048,0.758408946269548
5275,0.7133088670622878,0.7583604020854604
5276,0.713257587512837,0.7583118575287432
5277,0.7132063083358702,0.7582633125994735
5278,0.7131550295313122,0.7582147672977317
5279,0.7131037510991377,0.7581662216235932
5280,0.71305247303924,0.7581176755770852
5281,0.7130011953515752,0.7580691291583137
5282,0.7129499180360687,0.7580205823673224
5283,0.7128986410926256,0.7579720352041874
5284,0.7128473645212227,0.757923487668999
5285,0.7127960883217791,0.7578749397617847
5286,0.7127448124941954,0.7578263914826251
5287,0.7126935370384546,0.7577778428316168
5288,0.7126422619544373,0.75772929380878
5289,0.7125909872421091,0.7576807444142312
5290,0.712539712901396,0.7576321946480066
5291,0.7124884389322564,0.7575836445101802
5292,0.7124371653345539,0.7575350940007941
5293,0.7123858921082862,0.7574865431199821
5294,0.7123346192533675,0.7574379918677485
5295,0.7122833467697184,0.757389440244181
5296,0.7122320746572676,0.757340888249354
5297,0.7121808029159872,0.7572923358833425
5298,0.7121295315457427,0.757243783146174
5299,0.7120782605465567,0.7571952300379813
5300,0.7120269899182823,0.7571466765587447
5301,0.7119757196608812,0.7570981227086078
5302,0.7119244497742944,0.7570495684876107
5303,0.7118731802584458,0.7570010138958124
5304,0.7118219111132773,0.7569524589332894
5305,0.7117706423386992,0.7569039036000995
5306,0.7117193739346692,0.756855347896329
5307,0.7116681059011364,0.7568067918220256
5308,0.7116168382379667,0.7567582353772382
5309,0.7115655709451627,0.756709678562098
5310,0.7115143040226293,0.7566611213766072
5311,0.7114630374703053,0.7566125638208582
5312,0.7114117712881098,0.7565640058949124
5313,0.7113605054759934,0.7565154475988509
5314,0.7113092400338835,0.7564668889327225
5315,0.7112579749617126,0.7564183298966024
5316,0.7112067102594121,0.7563697704905549
5317,0.7111554459269116,0.7563212107146479
5318,0.7111041819641561,0.7562726505689553
5319,0.7110529183710742,0.7562240900535296
5320,0.7110016551475994,0.7561755291684442
5321,0.7109503922936535,0.756126967913763
5322,0.7108991298091919,0.7560784062895656
5323,0.710847867694142,0.7560298442958977
5324,0.7107966059484271,0.7559812819328299
5325,0.7107453445719892,0.7559327192004406
5326,0.7106940835647664,0.7558841560987851
5327,0.710642822926674,0.7558355926279309
5328,0.7105915626576689,0.755787028787956
5329,0.7105403027576622,0.7557384645789069
5330,0.7104890432266054,0.7556899000008714
5331,0.7104377840644165,0.7556413350538993
5332,0.7103865252710599,0.7555927697380715
5333,0.7103352668464353,0.755544204053425
5334,0.7102840087905012,0.7554956380000583
5335,0.7102327511031646,0.7554470715780143
5336,0.7101814937843989,0.7553985047873828
5337,0.7101302368341031,0.7553499376281964
5338,0.7100789802522196,0.755301370100551
5339,0.7100277240386949,0.7552528022045061
5340,0.7099764681934447,0.7552042339401149
5341,0.7099252127164363,0.755155665307461
5342,0.7098739576075672,0.7551070963065801
5343,0.7098227028667852,0.7550585269375713
5344,0.7097714484940277,0.755009957200487
5345,0.7097201944892241,0.7549613870953913
5346,0.7096689408523181,0.7549128166223545
5347,0.7096176875832408,0.7548642457814319
5348,0.7095664346819185,0.7548156745726932
5349,0.7095151821483009,0.7547671029962123
5350,0.7094639299822884,0.7547185310520402
5351,0.7094126781838661,0.754669958740273
5352,0.7093614267529263,0.7546213860609314
5353,0.7093101756894185,0.7545728130141164
5354,0.7092589249932866,0.754524239599883
5355,0.7092076746644548,0.7544756658182865
5356,0.7091564247028682,0.7544270916694024
5357,0.7091051751084506,0.7543785171532857
5358,0.7090539258811311,0.7543299422700113
5359,0.7090026770208775,0.7542813670196516
5360,0.7089514285275824,0.7542327914022395
5361,0.7089001804011945,0.75418421541788
5362,0.7088489326416643,0.7541356390666256
5363,0.7087976852489175,0.7540870623485264
5364,0.7087464382228794,0.7540384852636567
5365,0.7086951915634869,0.7539899078120895
5366,0.7086439452707077,0.753941329993888
5367,0.7085926993444414,0.7538927518090888
5368,0.7085414537846413,0.7538441732577879
5369,0.7084902085912095,0.7537955943400332
5370,0.7084389637641125,0.7537470150559201
5371,0.7083877193033051,0.7536984354054856
5372,0.7083364752086655,0.7536498553887763
5373,0.7082852314801736,0.7536012750059096
5374,0.7082339881177466,0.7535526942569069
5375,0.7081827451213298,0.7535041131418514
5376,0.708131502490853,0.7534555316607998
5377,0.7080802602262415,0.753406949813819
5378,0.7080290183274595,0.7533583676009848
5379,0.7079777767944204,0.7533097850223347
5380,0.7079265356270508,0.7532612020779543
5381,0.7078752948253162,0.7532126187679148
5382,0.7078240543891197,0.7531640350922542
5383,0.7077728143184135,0.7531154510510664
5384,0.7077215746131403,0.7530668666444008
5385,0.7076703352732417,0.7530182818723145
5386,0.7076190962986162,0.7529696967348664
5387,0.7075678576892575,0.7529211112321565
5388,0.7075166194450313,0.7528725253641944
5389,0.7074653815659091,0.7528239391311082
5390,0.7074141440518472,0.7527753525329313
5391,0.707362906902754,0.7527267655697063
5392,0.7073116701185662,0.7526781782415264
5393,0.7072604336992386,0.7526295905484512
5394,0.7072091976446853,0.7525810024905298
5395,0.7071579619548465,0.7525324140678448
5396,0.7071067266296912,0.7524838252804569
5397,0.7070554916691016,0.7524352361283996
5398,0.7070042570730602,0.752386646611787
5399,0.7069530228414782,0.7523380567306387
5400,0.7069017889742926,0.7522894664850444
5401,0.7068505554714403,0.7522408758750645
5402,0.706799322332848,0.7521922849007637
5403,0.7067480895585054,0.7521436935622137
5404,0.7066968571482821,0.7520951018594271
5405,0.7066456251021438,0.7520465097925332
5406,0.7065943934200376,0.7519979173615668
5407,0.7065431621018915,0.751949324566581
5408,0.7064919311476093,0.7519007314076466
5409,0.7064407005571723,0.7518521378848582
5410,0.7063894703304979,0.7518035439982383
5411,0.7063382404675288,0.7517549497478683
5412,0.7062870109681911,0.7517063551338035
5413,0.7062357818324427,0.7516577601561197
5414,0.7061845530601957,0.7516091648148607
5415,0.7061333246514098,0.7515605691101092
5416,0.7060820966059995,0.7515119730419111
5417,0.7060308689239131,0.7514633766103485
5418,0.7059796416050776,0.7514147798154742
5419,0.705928414649442,0.7513661826573602
5420,0.7058771880569495,0.7513175851360581
5421,0.705825961827505,0.7512689872516256
5422,0.7057747359610778,0.751220389004156
5423,0.7057235104575995,0.7511717903936822
5424,0.7056722853169903,0.7511231914202701
5425,0.705621060539215,0.7510745920840012
5426,0.7055698361241941,0.7510259923849117
5427,0.7055186120718698,0.7509773923230776
5428,0.7054673883821497,0.7509287918985627
5429,0.7054161650549895,0.7508801911114513
5430,0.7053649420903763,0.7508315899617916
5431,0.7053137194881768,0.7507829884495999
5432,0.7052624972483672,0.7507343865750054
5433,0.7052112753708409,0.7506857843380321
5434,0.7051600538555886,0.7506371817387865
5435,0.7051088327025286,0.7505885787772797
5436,0.7050576119115909,0.7505399754535923
5437,0.7050063914827215,0.7504913717677951
5438,0.7049551714158486,0.7504427677199401
5439,0.7049039517109223,0.7503941633101007
5440,0.7048527323678584,0.7503455585383282
5441,0.7048015133866341,0.7502969534047016
5442,0.7047502947671542,0.7502483479092512
5443,0.7046990765093573,0.7501997420520665
5444,0.7046478586131902,0.7501511358332104
5445,0.7045966410785651,0.7501025292527368
5446,0.70454542390547,0.7500539223107296
5447,0.7044942070938321,0.7500053150072088
5448,0.7044429906435358,0.7499567073422417
5449,0.7043917745545627,0.7499080993159433
5450,0.7043405588268631,0.7498594909283329
5451,0.7042893434603281,0.7498108821794627
5452,0.7042381284549498,0.7497622730694362
5453,0.7041869138106275,0.7497136635982695
5454,0.7041356995273009,0.7496650537660563
5455,0.7040844856049251,0.7496164435728564
5456,0.70403327204344,0.7495678330187212
5457,0.7039820588427691,0.7495192221037059
5458,0.7039308460028685,0.7494706108278872
5459,0.7038796335236355,0.7494219991913109
5460,0.7038284214050414,0.7493733871940771
5461,0.7037772096470246,0.7493247748362166
5462,0.7037259982495432,0.7492761621177902
5463,0.7036747872124616,0.7492275490388425
5464,0.7036235765358025,0.7491789355995038
5465,0.7035723662194634,0.7491303217997545
5466,0.7035211562633933,0.7490817076396981
5467,0.703469946667516,0.7490330931193836
5468,0.7034187374317685,0.7489844782388881
5469,0.7033675285561093,0.7489358629982731
5470,0.7033163200404773,0.7488872473975821
5471,0.7032651118847919,0.7488386314368776
5472,0.7032139040889955,0.7487900151162359
5473,0.7031626966530334,0.7487413984357179
5474,0.7031114895768567,0.7486927813953743
5475,0.7030602828604005,0.7486441639952606
5476,0.7030090765035517,0.7485955462354374
5477,0.7029578705063114,0.748546928116016
5478,0.7029066648686005,0.7484983096369995
5479,0.7028554595903441,0.7484496907984644
5480,0.7028042546715096,0.748401071600486
5481,0.7027530501119871,0.7483524520430983
5482,0.7027018459117823,0.7483038321264078
5483,0.7026506420707737,0.7482552118504147
5484,0.7025994385889376,0.7482065912152338
5485,0.7025482354661923,0.7481579702208936
5486,0.7024970327024843,0.7481093488674735
5487,0.7024458302977453,0.7480607271550277
5488,0.702394628251922,0.7480121050836241
5489,0.7023434265649519,0.7479634826533145
5490,0.7022922252367744,0.7479148598641658
5491,0.7022410242673339,0.7478662367162332
5492,0.7021898236565616,0.7478176132095767
5493,0.7021386234044138,0.7477689893442638
5494,0.7020874235107984,0.7477203651203381
5495,0.7020362239756939,0.7476717405378908
5496,0.7019850247989893,0.7476231155969456
5497,0.7019338259806644,0.7475744902976095
5498,0.7018826275206499,0.7475258646399043
5499,0.7018314294188749,0.747477238623903
5500,0.7017802316752979,0.7474286122496719
5501,0.7017290342898239,0.7473799855172549
5502,0.7016778372624255,0.7473313584267447
5503,0.7016266405930367,0.7472827309781711
5504,0.7015754442815784,0.747234103171601
5505,0.7015242483280124,0.74718547500711
5506,0.7014730527322622,0.7471368464847377
5507,0.7014218574942781,0.7470882176045603
5508,0.701370662613999,0.7470395883666301
5509,0.7013194680913506,0.7469909587710049
5510,0.7012682739262991,0.7469423288177607
5511,0.7012170801187453,0.7468936985069323
5512,0.7011658866686845,0.7468450678386139
5513,0.7011146935759935,0.7467964368128174
5514,0.7010635008406678,0.7467478054296602
5515,0.7010123084625944,0.7466991736891515
5516,0.7009611164417634,0.7466505415913994
5517,0.7009099247780758,0.7466019091364169
5518,0.700858733471485,0.7465532763243011
5519,0.7008075425219463,0.7465046431551007
5520,0.7007563519293895,0.7464560096288584
5521,0.7007051616937442,0.7464073757456473
5522,0.7006539718149614,0.7463587415055358
5523,0.7006027822929672,0.7463101069085718
5524,0.7005515931277279,0.74626147195483
5525,0.7005004043191647,0.7462128366443455
5526,0.700449215867225,0.7461642009771965
5527,0.7003980277718452,0.7461155649534346
5528,0.7003468400329563,0.7460669285731243
5529,0.7002956526505026,0.7460182918363333
5530,0.7002444656244422,0.7459696547431187
5531,0.7001932789547151,0.7459210172935227
5532,0.7001420926412228,0.745872379487605
5533,0.7000909066839602,0.7458237413254614
5534,0.7000397210828232,0.7457751028071007
5535,0.6999885358377765,0.7457264639326244
5536,0.699937350948751,0.7456778247020712
5537,0.6998861664156727,0.7456291851155066
5538,0.699834982238508,0.7455805451730051
5539,0.6997837984172042,0.7455319048746011
5540,0.6997326149516713,0.7454832642203493
5541,0.699681431841872,0.7454346232103357
5542,0.6996302490877233,0.7453859818446007
5543,0.6995790666891976,0.7453373401232244
5544,0.6995278846462327,0.7452886980462377
5545,0.6994767029587392,0.745240055613702
5546,0.6994255216266757,0.7451914128257047
5547,0.6993743406499721,0.7451427696822885
5548,0.699323160028599,0.7450941261835233
5549,0.6992719797624803,0.7450454823294387
5550,0.6992207998515495,0.7449968381201124
5551,0.6991696202957455,0.7449481935556074
5552,0.6991184410950168,0.7448995486359875
5553,0.6990672622493103,0.7448509033613029
5554,0.6990160837585584,0.744802257731606
5555,0.698964905622691,0.7447536117469669
5556,0.6989137278416974,0.7447049654074538
5557,0.6988625504154606,0.7446563187130784
5558,0.6988113733439468,0.7446076716639578
5559,0.6987601966270903,0.7445590242601237
5560,0.6987090202648475,0.7445103765016426
5561,0.6986578442571425,0.7444617283885604
5562,0.6986066686039268,0.7444130799209501
5563,0.6985554933051324,0.7443644310988623
5564,0.6985043183607073,0.744315781922363
5565,0.6984531437706052,0.7442671323915061
5566,0.6984019695347486,0.7442184825063385
5567,0.6983507956530944,0.7441698322669346
5568,0.698299622125542,0.7441211816733411
5569,0.6982484489521018,0.7440725307256534
5570,0.6981972761326483,0.7440238794238679
5571,0.6981461036671945,0.7439752277681038
5572,0.6980949315556054,0.7439265757583524
5573,0.6980437597978693,0.7438779233947466
5574,0.6979925883939038,0.7438292706772995
5575,0.6979414173436755,0.7437806176060904
5576,0.6978902466471172,0.7437319641811567
5577,0.6978390763041697,0.7436833104025643
5578,0.6977879063147624,0.7436346562703714
5579,0.6977367366788448,0.7435860017846496
5580,0.6976855673963686,0.7435373469454472
5581,0.6976343984672655,0.743488691752816
5582,0.6975832298914758,0.7434400362068214
5583,0.6975320616689609,0.7433913803075247
5584,0.6974808937996352,0.7433427240549652
5585,0.6974297262834502,0.7432940674492254
5586,0.6973785591203633,0.7432454104903563
5587,0.697327392310273,0.743196753178401
5588,0.6972762258531798,0.7431480955134576
5589,0.6972250597489911,0.7430994374955302
5590,0.697173893997651,0.7430507791247076
5591,0.6971227285991006,0.7430021204010482
5592,0.6970715635533057,0.7429534613246076
5593,0.6970203988601723,0.7429048018954252
5594,0.6969692345196605,0.7428561421135893
5595,0.6969180705317126,0.742807481979144
5596,0.6968669068962957,0.7427588214921448
5597,0.6968157436132961,0.7427101606526276
5598,0.6967645806827103,0.7426614994607009
5599,0.6967134181044582,0.7426128379163741
5600,0.696662255878441,0.7425641760197237
5601,0.69661109400468,0.7425155137708449
5602,0.6965599324830706,0.7424668511697241
5603,0.6965087713135582,0.742418188216462
5604,0.6964576104961017,0.7423695249111131
5605,0.6964064500306135,0.7423208612537207
5606,0.6963552899170605,0.7422721972443683
5607,0.6963041301553862,0.742223532883092
5608,0.6962529707455273,0.7421748681699482
5609,0.6962018116874332,0.7421262031049989
5610,0.6961506529810444,0.7420775376882964
5611,0.696099494626269,0.7420288719198995
5612,0.6960483366231065,0.7419802057998974
5613,0.6959971789714609,0.7419315393282964
5614,0.6959460216712683,0.7418828725051874
5615,0.6958948647225208,0.7418342053306337
5616,0.6958437081251188,0.7417855378046483
5617,0.6957925518790028,0.7417368699273277
5618,0.6957413959841536,0.7416882016987311
5619,0.6956902404404766,0.7416395331188788
5620,0.6956390852479343,0.7415908641878648
5621,0.6955879304064413,0.7415421949057268
5622,0.6955367759160018,0.7414935252725495
5623,0.6954856217764744,0.7414448552883297
5624,0.6954344679878712,0.7413961849532068
5625,0.6953833145501052,0.741347514267172
5626,0.6953321614631345,0.7412988432303096
5627,0.6952810087268916,0.7412501718426636
5628,0.6952298563413118,0.7412015001042992
5629,0.6951787043063702,0.7411528280152822
5630,0.6951275526219506,0.7411041555756399
5631,0.6950764012880573,0.7410554827854821
5632,0.6950252503046039,0.7410068096448105
5633,0.6949740996715429,0.7409581361537103
5634,0.694922949388818,0.740909462312227
5635,0.6948717994563708,0.7408607881204188
5636,0.6948206498741334,0.7408121135783432
5637,0.6947695006420638,0.7407634386860671
5638,0.6947183517600838,0.740714763443635
5639,0.69466720322818,0.7406660878511225
5640,0.6946160550462492,0.7406174119085458
5641,0.6945649072142563,0.7405687356160056
5642,0.6945137597321395,0.7405200589735388
5643,0.6944626125998636,0.7404713819812045
5644,0.6944114658173336,0.7404227046390411
5645,0.6943603193845412,0.7403740269471429
5646,0.6943091733013873,0.7403253489055158
5647,0.6942580275678221,0.740276670514262
5648,0.6942068821838112,0.7402279917734292
5649,0.6941557371492834,0.7401793126830534
5650,0.694104592464181,0.7401306332432027
5651,0.6940534481284546,0.7400819534539382
5652,0.6940023041420419,0.7400332733153087
5653,0.6939511605048958,0.7399845928273753
5654,0.6939000172169452,0.7399359119901854
5655,0.6938488742781437,0.7398872308038098
5656,0.6937977316884564,0.739838549268296
5657,0.6937465894477877,0.73978986738368
5658,0.693695447556096,0.7397411851500548
5659,0.6936443060133315,0.7396925025674604
5660,0.6935931648194276,0.7396438196359519
5661,0.6935420239743617,0.7395951363555915
5662,0.6934908834780128,0.7395464527264064
5663,0.6934397433303979,0.7394977687485098
5664,0.6933886035314141,0.7394490844218924
5665,0.6933374640810225,0.7394003997466534
5666,0.6932863249791732,0.7393517147228339
5667,0.6932351862257907,0.7393030293504816
5668,0.6931840478208424,0.7392543436296726
5669,0.6931329097642476,0.7392056575604404
5670,0.6930817720559631,0.739156971142864
5671,0.6930306346959395,0.7391082843769876
5672,0.6929794976841201,0.739059597262861
5673,0.6929283610204134,0.7390109098005397
5674,0.692877224704832,0.7389622219901152
5675,0.6928260887372725,0.7389135338315771
5676,0.6927749531176981,0.7388648453250282
5677,0.6927238178460279,0.7388161564705034
5678,0.6926726829222288,0.7387674672680837
5679,0.6926215483462469,0.7387187777178046
5680,0.6925704141180008,0.7386700878197177
5681,0.6925192802374783,0.7386213975739051
5682,0.692468146704587,0.7385727069803788
5683,0.6924170135192792,0.7385240160392319
5684,0.6923658806815294,0.7384753247505104
5685,0.6923147481912411,0.738426633114243
5686,0.6922636160483727,0.7383779411305231
5687,0.6922124842528818,0.7383292487993942
5688,0.6921613528047024,0.7382805561208982
5689,0.6921102217037834,0.7382318630951001
5690,0.6920590909500546,0.7381831697220516
5691,0.6920079605434928,0.7381344760018225
5692,0.6919568304840058,0.7380857819344382
5693,0.6919057007715606,0.7380370875199875
5694,0.6918545714061052,0.7379883927585063
5695,0.6918034423875837,0.7379396976500454
5696,0.6917523137159202,0.737891002194661
5697,0.6917011853910636,0.7378423063924271
5698,0.691650057413005,0.7377936102433962
5699,0.6915989297816297,0.737744913747579
5700,0.6915478024969205,0.737696216905088
5701,0.6914966755587904,0.7376475197159417
5702,0.6914455489672118,0.7375988221802249
5703,0.6913944227221278,0.737550124297967
5704,0.691343296823486,0.7375014260692256
5705,0.6912921712712063,0.7374527274940517
5706,0.6912410460652545,0.7374040285725247
5707,0.69118992120559,0.7373553293046806
5708,0.6911387966921164,0.7373066296905595
5709,0.6910876725248108,0.737257929730256
5710,0.6910365487036301,0.7372092294237949
5711,0.6909854252284765,0.7371605287712206
5712,0.6909343020993353,0.7371118277726283
5713,0.6908831793161321,0.737063126428033
5714,0.6908320568788162,0.7370144247375112
5715,0.6907809347873406,0.7369657227011106
5716,0.6907298130416321,0.7369170203188813
5717,0.6906786916416533,0.7368683175908923
5718,0.6906275705873476,0.7368196145171858
5719,0.6905764498786525,0.7367709110978153
5720,0.690525329515529,0.7367222073328432
5721,0.6904742094979048,0.7366735032223112
5722,0.6904230898257294,0.7366247987662878
5723,0.6903719704989726,0.7365760939648271
5724,0.6903208515175355,0.7365273888179573
5725,0.6902697328814038,0.7364786833257781
5726,0.6902186145905131,0.7364299774883036
5727,0.6901674966448009,0.7363812713055975
5728,0.690116379044231,0.7363325647777232
5729,0.6900652617887045,0.7362838579047175
5730,0.6900141448782097,0.7362351506866749
5731,0.6899630283126889,0.7361864431236117
5732,0.6899119120920674,0.7361377352155858
5733,0.689860796216316,0.7360890269626708
5734,0.6898096806853696,0.7360403183648938
5735,0.689758565499178,0.7359916094223231
5736,0.6897074506576906,0.7359429001350072
5737,0.6896563361608207,0.7358941905029972
5738,0.6896052220085538,0.7358454805263774
5739,0.6895541082008062,0.735796770205166
5740,0.6895029947375664,0.735748059539445
5741,0.6894518816187337,0.7356993485292271
5742,0.689400768844287,0.7356506371746108
5743,0.6893496564141555,0.7356019254756181
5744,0.6892985443282803,0.7355532134323209
5745,0.689247432586626,0.7355045010447754
5746,0.6891963211891322,0.7354557883130202
5747,0.6891452101357664,0.735407075237114
5748,0.6890940994264294,0.7353583618170918
5749,0.6890429890610813,0.7353096480530474
5750,0.6889918790396975,0.7352609339450245
5751,0.6889407693622006,0.7352122194930476
5752,0.6888896600285503,0.7351635046971947
5753,0.6888385510386716,0.7351147895575032
5754,0.6887874423925159,0.7350660740740499
5755,0.6887363340900629,0.7350173582468829
5756,0.6886852261312261,0.7349686420760255
5757,0.688634118515937,0.7349199255615597
5758,0.6885830112441925,0.7348712087035552
5759,0.6885319043158986,0.7348224915020176
5760,0.6884807977310231,0.7347737739570378
5761,0.688429691489509,0.7347250560686494
5762,0.6883785855912989,0.7346763378369097
5763,0.6883274800363414,0.7346276192618757
5764,0.6882763748245815,0.7345789003435996
5765,0.6882252699559684,0.7345301810821349
5766,0.6881741654304536,0.7344814614775329
5767,0.6881230612479622,0.7344327415298425
5768,0.6880719574084803,0.734384021239139
5769,0.6880208539119176,0.734335300605435
5770,0.6879697507582371,0.734286579628821
5771,0.6879186479473652,0.7342378583093336
5772,0.6878675454792937,0.734189136647049
5773,0.6878164433539384,0.7341404146419728
5774,0.6877653415712431,0.73409169229419
5775,0.6877142401311722,0.7340429696037576
5776,0.687663139033678,0.7339942465707101
5777,0.6876120382786777,0.733945523195096
5778,0.6875609378661394,0.7338967994769967
5779,0.6875098377959945,0.733848075416446
5780,0.6874587380682172,0.7337993510135095
5781,0.687407638682728,0.733750626268217
5782,0.6873565396394963,0.7337019011806444
5783,0.6873054409384538,0.7336531757508259
5784,0.6872543425795474,0.7336044499788257
5785,0.6872032445627435,0.7335557238646999
5786,0.6871521468879598,0.7335069974084818
5787,0.6871010495551672,0.7334582706102515
5788,0.6870499525643172,0.7334095434700411
5789,0.6869988559153387,0.7333608159878976
5790,0.6869477596081812,0.7333120881638912
5791,0.6868966636428026,0.7332633599980729
5792,0.6868455680191351,0.7332146314904875
5793,0.6867944727371593,0.7331659026411989
5794,0.686743377796793,0.7331171734502283
5795,0.6866922831979656,0.7330684439176586
5796,0.6866411889406704,0.7330197140435573
5797,0.6865900950248486,0.7329709838279339
5798,0.6865390014504095,0.7329222532708486
5799,0.6864879082173377,0.7328735223723882
5800,0.6864368153255653,0.7328247911325707
5801,0.6863857227750476,0.7327760595514627
5802,0.6863346305657398,0.7327273276291103
5803,0.6862835386975801,0.7326785953655572
5804,0.686232447170501,0.7326298627608676
5805,0.6861813559844517,0.7325811298151037
5806,0.686130265139426,0.7325323965283197
5807,0.6860791746353168,0.7324836629005231
5808,0.6860280844721032,0.7324349289318177
5809,0.6859769946497061,0.7323861946222278
5810,0.6859259051681356,0.7323374599718289
5811,0.6858748160272489,0.7322887249806165
5812,0.6858237272270538,0.7322399896487256
5813,0.6857726387675096,0.7321912539761529
5814,0.6857215506485144,0.7321425179629408
5815,0.6856704628700524,0.7320937816091877
5816,0.6856193754320505,0.7320450449149124
5817,0.6855682883344827,0.7319963078801852
5818,0.6855172015772792,0.7319475705050331
5819,0.685466115160392,0.7318988327895264
5820,0.6854150290837676,0.7318500947337134
5821,0.6853639433473604,0.7318013563376462
5822,0.6853128579511083,0.7317526176013712
5823,0.6852617728949694,0.7317038785249502
5824,0.6852106881788833,0.731655139108426
5825,0.685159603802813,0.7316063993518569
5826,0.6851085197667021,0.731557659255283
5827,0.6850574360704892,0.7315089188187589
5828,0.6850063527141205,0.731460178042346
5829,0.6849552696975666,0.7314114369260971
5830,0.6849041870207371,0.7313626954700436
5831,0.684853104683631,0.7313139536742742
5832,0.6848020226861632,0.7312652115387915
5833,0.6847509410282827,0.7312164690636804
5834,0.6846998597099597,0.7311677262489902
5835,0.6846487787311215,0.7311189830947529
5836,0.6845976980917279,0.7310702396010396
5837,0.6845466177917104,0.7310214957678902
5838,0.6844955378310462,0.7309727515953743
5839,0.6844444582096669,0.7309240070835159
5840,0.6843933789275352,0.7308752622323802
5841,0.6843422999845559,0.730826517042007
5842,0.6842912213807513,0.730777771512489
5843,0.6842401431159844,0.7307290256438076
5844,0.6841890651902942,0.7306802794360959
5845,0.6841379876035476,0.7306315328893184
5846,0.6840869103557609,0.7305827860036045
5847,0.6840358334468358,0.7305340387789423
5848,0.6839847568767488,0.7304852912154263
5849,0.6839336806454228,0.7304365433130832
5850,0.6838826047528314,0.7303877950719855
5851,0.6838315291989407,0.7303390464921635
5852,0.6837804539836297,0.7302902975736514
5853,0.6837293791069143,0.7302415483165673
5854,0.683678304568722,0.7301927987208973
5855,0.6836272303689878,0.7301440487867136
5856,0.6835761565076808,0.7300952985140805
5857,0.6835250829847602,0.7300465479030284
5858,0.6834740098001404,0.7299977969536008
5859,0.6834229369538021,0.7299490456658815
5860,0.6833718644456771,0.7299002940398893
5861,0.6833207922757054,0.7298515420756918
5862,0.683269720443853,0.7298027897733518
5863,0.6832186489500894,0.7297540371329012
5864,0.6831675777943269,0.7297052841543713
5865,0.6831165069765442,0.729656530837849
5866,0.6830654364966376,0.7296077771833567
5867,0.6830143663546157,0.7295590231909952
5868,0.6829632965504113,0.7295102688607588
5869,0.6829122270839776,0.7294615141927154
5870,0.6828611579552442,0.7294127591869091
5871,0.6828100891641813,0.7293640038434128
5872,0.6827590207107211,0.7293152481622553
5873,0.6827079525948263,0.7292664921435026
5874,0.6826568848164314,0.7292177357871952
5875,0.6826058173755153,0.7291689790933947
5876,0.6825547502719975,0.7291202220621273
5877,0.6825036835058539,0.7290714646934693
5878,0.6824526170769947,0.7290227069874465
5879,0.6824015509854172,0.7289739489441472
5880,0.6823504852310313,0.7289251905635761
5881,0.6822994198138377,0.7288764318458223
5882,0.682248354733721,0.728827672790887
5883,0.6821972899906752,0.7287789133988811
5884,0.6821462255846271,0.7287301536698149
5885,0.6820951615155603,0.7286813936037577
5886,0.6820440977833947,0.7286326332007309
5887,0.6819930343880756,0.7285838724608118
5888,0.6819419713295671,0.7285351113840536
5889,0.6818909086078313,0.728486349970495
5890,0.6818398462227956,0.7284375882201718
5891,0.6817887841744141,0.7283888261331584
5892,0.6817377224626703,0.7283400637094993
5893,0.6816866610874422,0.728291300949212
5894,0.6816356000487569,0.728242537852417
5895,0.6815845393465033,0.7281937744190894
5896,0.6815334789806916,0.7281450106493361
5897,0.6814824189512158,0.728096246543154
5898,0.6814313592580479,0.7280474821006432
5899,0.6813802999011657,0.7279987173218316
5900,0.6813292408804811,0.7279499522067461
5901,0.6812781821959472,0.7279011867554708
5902,0.6812271238475459,0.7278524209680539
5903,0.6811760658351952,0.7278036548445126
5904,0.6811250081588461,0.7277548883849307
5905,0.6810739508184753,0.7277061215893545
5906,0.6810228938140044,0.7276573544578108
5907,0.6809718371453984,0.7276085869903748
5908,0.6809207808126245,0.7275598191870822
5909,0.6808697248155985,0.7275110510479683
5910,0.6808186691542967,0.7274622825731143
5911,0.6807676138286524,0.7274135137625451
5912,0.6807165588386273,0.7273647446163272
5913,0.680665504184184,0.7273159751344984
5914,0.6806144498652477,0.7272672053170991
5915,0.6805633958817718,0.7272184351641997
5916,0.6805123422337195,0.7271696646758485
5917,0.6804612889210336,0.7271208938520832
5918,0.6804102359436817,0.7270721226929593
5919,0.6803591833015843,0.727023351198512
5920,0.6803081309947182,0.7269745793688183
5921,0.6802570790230227,0.7269258072039011
5922,0.6802060273864512,0.726877034703824
5923,0.6801549760849595,0.7268282618686298
5924,0.6801039251184857,0.7267794886983661
5925,0.6800528744870029,0.7267307151930924
5926,0.6800018241904265,0.7266819413528378
5927,0.6799507742287333,0.7266331671776842
5928,0.6798997246018819,0.7265843926676567
5929,0.679848675309813,0.726535617822797
5930,0.679797626352457,0.7264868426431624
5931,0.6797465777297861,0.7264380671288229
5932,0.6796955294417588,0.7263892912798084
5933,0.6796444814882989,0.7263405150961582
5934,0.6795934338693894,0.7262917385779506
5935,0.6795423865849567,0.7262429617252004
5936,0.679491339634976,0.7261941845379822
5937,0.6794402930193771,0.726145407016321
5938,0.6793892467381247,0.7260966291602867
5939,0.6793382007911535,0.7260478509699151
5940,0.6792871551784462,0.7259990724452706
5941,0.679236109899901,0.7259502935863712
5942,0.679185064955518,0.725901514393317
5943,0.6791340203452249,0.7258527348661112
5944,0.6790829760689997,0.7258039550048228
5945,0.6790319321267493,0.7257551748094759
5946,0.6789808885184794,0.7257063942801643
5947,0.678929845244076,0.7256576134168786
5948,0.6788788023035486,0.7256088322197359
5949,0.6788277596968131,0.7255600506887256
5950,0.6787767174238445,0.7255112688239326
5951,0.6787256754846009,0.7254624866253816
5952,0.6786746338789957,0.7254137040931149
5953,0.6786235926069913,0.7253649212272166
5954,0.6785725516685719,0.7253161380277259
5955,0.6785215110636628,0.7252673544946608
5956,0.6784704707921999,0.7252185706280938
5957,0.6784194308541779,0.7251697864280873
5958,0.6783683912495245,0.7251210018946497
5959,0.6783173519781859,0.725072217027853
5960,0.6782663130401054,0.72502343182775
5961,0.6782152744352877,0.7249746462943955
5962,0.6781642361636133,0.7249258604277897
5963,0.6781131982250914,0.7248770742280466
5964,0.6780621606196324,0.7248282876951619
5965,0.6780111233471964,0.7247795008292217
5966,0.6779600864077836,0.7247307136302656
5967,0.6779090498012937,0.7246819260982968
5968,0.6778580135276516,0.7246331382334152
5969,0.6778069775869034,0.7245843500356905
5970,0.6777559419789086,0.7245355615050831
5971,0.6777049067036511,0.7244867726417298
5972,0.6776538717611107,0.7244379834456467
5973,0.6776028371512371,0.7243891939168572
5974,0.6775518028739368,0.7243404040554087
5975,0.6775007689292017,0.7242916138613964
5976,0.677449735316955,0.7242428233348261
5977,0.6773987020371863,0.7241940324757773
5978,0.6773476690898109,0.7241452412842577
5979,0.6772966364747949,0.7240964497603548
5980,0.677245604192097,0.7240476579040991
5981,0.6771945722416687,0.7239988657155352
5982,0.6771435406234589,0.7239500731947095
5983,0.6770925093373973,0.7239012803416749
5984,0.6770414783834829,0.7238524871564983
5985,0.6769904477616373,0.7238036936391847
5986,0.6769394174718081,0.7237548997898122
5987,0.6768883875139753,0.7237061056084285
5988,0.676837357888046,0.7236573110950597
5989,0.6767863285940163,0.7236085162497932
5990,0.6767352996318426,0.7235597210726377
5991,0.6766842710014341,0.7235109255636353
5992,0.6766332427027637,0.7234621297228754
5993,0.6765822147357982,0.7234133335503837
5994,0.6765311871004687,0.7233645370461979
5995,0.6764801597967577,0.7233157402103831
5996,0.6764291328245828,0.7232669430429595
5997,0.6763781061839164,0.7232181455440081
5998,0.6763270798747071,0.7231693477135563
5999,0.6762760538969042,0.7231205495516568
6000,0.6762250282504734,0.723071751058358
6001,0.6761740029353437,0.723022952233696
6002,0.6761229779514709,0.7229741530777406
6003,0.6760719532988527,0.7229253535905366
6004,0.6760209289773786,0.7228765537720878
6005,0.6759699049870439,0.7228277536225021
6006,0.6759188813277806,0.7227789531417864
6007,0.6758678579995482,0.7227301523300083
6008,0.67581683500231,0.722681351187205
6009,0.6757658123360046,0.7226325497134181
6010,0.675714790000585,0.7225837479087052
6011,0.6756637679960206,0.7225349457731163
6012,0.6756127463222289,0.7224861433066813
6013,0.6755617249792099,0.72243734050948
6014,0.6755107039668721,0.7223885373815153
6015,0.6754596832852201,0.7223397339228769
6016,0.675408662934148,0.722290930133562
6017,0.6753576429136432,0.7222421260136751
6018,0.6753066232236558,0.7221933215632299
6019,0.6752556038641397,0.722144516782276
6020,0.6752045848350364,0.7220957116708582
6021,0.6751535661363031,0.7220469062290353
6022,0.6751025477678985,0.7219981004568516
6023,0.6750515297297646,0.7219492943543466
6024,0.675000512021898,0.7219004879215791
6025,0.6749494946441782,0.7218516811585554
6026,0.6748984775966262,0.7218028740653891
6027,0.6748474608791721,0.7217540666420662
6028,0.6747964444917357,0.7217052588886546
6029,0.6747454284343096,0.7216564508052306
6030,0.6746944127068386,0.721607642391805
6031,0.6746433973092945,0.7215588336484335
6032,0.6745923822415784,0.7215100245751449
6033,0.6745413675036863,0.7214612151720341
6034,0.6744903530955635,0.7214124054391088
6035,0.6744393390171649,0.7213635953764213
6036,0.6743883252684326,0.7213147849840189
6037,0.6743373118493264,0.721265974261958
6038,0.674286298759812,0.7212171632102797
6039,0.6742352859998199,0.7211683518290183
6040,0.6741842735693159,0.7211195401182411
6041,0.6741332614682597,0.7210707280779849
6042,0.6740822496965876,0.7210219157082891
6043,0.6740312382542711,0.7209731030092185
6044,0.6739802271412582,0.7209242899807986
6045,0.6739292163575167,0.720875476623084
6046,0.6738782059029607,0.7208266629361068
6047,0.6738271957775817,0.7207778489199523
6048,0.6737761859813173,0.7207290345746282
6049,0.6737251765141314,0.7206802199001983
6050,0.6736741673759586,0.7206314048966984
6051,0.6736231585667549,0.7205825895641926
6052,0.6735721500865045,0.7205337739027255
6053,0.6735211419351214,0.7204849579123148
6054,0.6734701341125886,0.7204361415930438
6055,0.6734191266188567,0.7203873249449312
6056,0.673368119453874,0.7203385079680258
6057,0.6733171126175836,0.7202896906623797
6058,0.6732661061099613,0.720240873028049
6059,0.6732150999309431,0.7201920550650591
6060,0.6731640940804846,0.7201432367734721
6061,0.6731130885585501,0.7200944181533342
6062,0.6730620833650864,0.7200455992046799
6063,0.6730110785000509,0.7199967799275626
6064,0.6729600739633946,0.7199479603220262
6065,0.6729090697550583,0.7198991403881183
6066,0.6728580658750436,0.7198503201258974
6067,0.6728070623232368,0.7198014995353661
6068,0.6727560590996513,0.7197526786166313
6069,0.6727050562042032,0.7197038573696855
6070,0.6726540536368717,0.7196550357946094
6071,0.672603051397596,0.7196062138914259
6072,0.6725520494863407,0.719557391660194
6073,0.6725010479030427,0.7195085691009504
6074,0.6724500466476909,0.7194597462137556
6075,0.6723990457202006,0.7194109229986253
6076,0.6723480451205519,0.719362099455641
6077,0.6722970448486633,0.719313275584823
6078,0.6722460449045335,0.7192644513862498
6079,0.6721950452881004,0.7192156268599288
6080,0.6721440459993114,0.7191668020059192
6081,0.6720930470381373,0.7191179768242744
6082,0.6720420484045164,0.7190691513150209
6083,0.6719910500984102,0.7190203254782226
6084,0.6719400521197678,0.7189714993139185
6085,0.6718890544685368,0.7189226728221574
6086,0.6718380571447037,0.7188738460029929
6087,0.6717870601481992,0.7188250188564397
6088,0.67173606347899,0.7187761913825651
6089,0.6716850671369833,0.7187273635814049
6090,0.6716340711222035,0.7186785354530463
6091,0.6715830754345696,0.7186297069974721
6092,0.6715320800740376,0.7185808782147585
6093,0.6714810850405699,0.7185320491049525
6094,0.6714300903341213,0.7184832196680884
6095,0.6713790959546262,0.7184343899042142
6096,0.6713281019020753,0.7183855598133939
6097,0.6712771081763825,0.7183367293956371
6098,0.6712261147775365,0.7182878986510315
6099,0.6711751217054883,0.7182390675795847
6100,0.6711241289601781,0.7181902361813509
6101,0.6710731365415619,0.7181414044563863
6102,0.6710221444495978,0.7180925724047337
6103,0.6709711526842397,0.718043740026439
6104,0.6709201612454558,0.7179949073215455
6105,0.6708691701331929,0.7179460742900846
6106,0.6708181793474047,0.7178972409321128
6107,0.6707671888880193,0.7178484072476741
6108,0.6707161987550571,0.717799573236837
6109,0.6706652089484119,0.717750738899589
6110,0.6706142194680744,0.7177019042360294
6111,0.6705632303139815,0.7176530692461719
6112,0.6705122414860706,0.7176042339300752
6113,0.6704612529843503,0.7175553982878059
6114,0.6704102648087406,0.7175065623193543
6115,0.670359276959176,0.7174577260247987
6116,0.6703082894356737,0.7174088894042063
6117,0.6702573022381287,0.7173600524575592
6118,0.6702063153665201,0.7173112151849643
6119,0.6701553288208141,0.7172623775864381
6120,0.6701043426009573,0.7172135396620195
6121,0.670053356706898,0.7171647014117595
6122,0.6700023711385817,0.7171158628357088
6123,0.6699513858959953,0.7170670239339221
6124,0.6699004009790804,0.717018184706416
6125,0.669849416387784,0.7169693451532442
6126,0.6697984321220665,0.7169205052744616
6127,0.6697474481818898,0.7168716650701095
6128,0.6696964645671948,0.716822824540223
6129,0.669645481277961,0.7167739836848628
6130,0.6695944983141261,0.7167251425040493
6131,0.6695435156756152,0.7166763009978457
6132,0.6694925333624592,0.7166274591663229
6133,0.6694415513745661,0.7165786170094572
6134,0.6693905697118758,0.7165297745273351
6135,0.6693395883743791,0.716480931720016
6136,0.669288607362032,0.7164320885875118
6137,0.6692376266747689,0.7163832451298675
6138,0.6691866463125319,0.7163344013471451
6139,0.6691356662753127,0.7162855572394052
6140,0.6690846865630529,0.7162367128066538
6141,0.6690337071757139,0.7161878680489531
6142,0.6689827281132492,0.7161390229663382
6143,0.6689317493755934,0.7160901775588568
6144,0.6688807709627427,0.7160413318265744
6145,0.6688297928745826,0.7159924857694954
6146,0.6687788151111695,0.7159436393877303
6147,0.6687278376723794,0.7158947926812302
6148,0.6686768605582003,0.7158459456501121
6149,0.6686258837685993,0.7157970982943915
6150,0.6685749073034968,0.7157482506141015
6151,0.668523931162857,0.7156994026093206
6152,0.6684729553466908,0.715650554280082
6153,0.6684219798548833,0.7156017056263799
6154,0.6683710046874158,0.7155528566483262
6155,0.6683200298442374,0.7155040073459399
6156,0.6682690553253483,0.7154551577192725
6157,0.6682180811306284,0.715406307768325
6158,0.6681671072601032,0.7153574574932131
6159,0.6681161337136902,0.715308606893917
6160,0.668065160491361,0.7152597559705127
6161,0.6680141875930717,0.7152109047230353
6162,0.6679632150187691,0.7151620531515257
6163,0.6679122427684231,0.7151132012560364
6164,0.6678612708419515,0.715064349036599
6165,0.6678102992393827,0.7150154964932913
6166,0.6677593279605929,0.7149666436260922
6167,0.6677083570056012,0.7149177904351212
6168,0.6676573863743285,0.7148689369203587
6169,0.6676064160667524,0.7148200830818849
6170,0.6675554460828071,0.7147712289197223
6171,0.6675044764224527,0.7147223744339363
6172,0.6674535070856824,0.7146735196245664
6173,0.6674025380724091,0.7146246644916223
6174,0.6673515693825879,0.7145758090351881
6175,0.6673006010162121,0.7145269532553067
6176,0.6672496329732288,0.7144780971519913
6177,0.6671986652535548,0.7144292407252897
6178,0.6671476978571963,0.7143803839752845
6179,0.6670967307840747,0.7143315269019734
6180,0.6670457640341683,0.7142826695054317
6181,0.6669947976074294,0.7142338117856829
6182,0.6669438315038202,0.7141849537427741
6183,0.6668928657232869,0.7141360953767446
6184,0.6668419002657628,0.7140872366876461
6185,0.6667909351312574,0.7140383776755446
6186,0.6667399703196834,0.7139895183404341
6187,0.6666890058310281,0.7139406586823973
6188,0.6666380416652239,0.7138917987014508
6189,0.6665870778222552,0.7138429383976608
6190,0.6665361143020389,0.7137940777710421
6191,0.6664851511045781,0.7137452168216782
6192,0.6664341882297944,0.7136963555495672
6193,0.6663832256776576,0.7136474939547868
6194,0.6663322634481259,0.7135986320373672
6195,0.6662813015411535,0.7135497697973496
6196,0.6662303399567051,0.7135009072347788
6197,0.6661793786947124,0.7134520443496939
6198,0.6661284177551785,0.7134031811421584
6199,0.6660774571380212,0.7133543176121744
6200,0.6660264968431999,0.7133054537598205
6201,0.6659755368706911,0.7132565895851366
6202,0.6659245772204346,0.7132077250881483
6203,0.6658736178923957,0.7131588602689158
6204,0.6658226588865277,0.7131099951274724
6205,0.6657717002028012,0.7130611296638656
6206,0.6657207418411458,0.7130122638781251
6207,0.6656697838015462,0.71296339777032
6208,0.6656188260839552,0.7129145313404683
6209,0.6655678686883226,0.7128656645886142
6210,0.6655169116146152,0.7128167975148092
6211,0.6654659548627786,0.7127679301190887
6212,0.6654149984327511,0.7127190624015034
6213,0.6653640423245253,0.7126701943621141
6214,0.665313086538057,0.7126213260009326
6215,0.6652621310732767,0.7125724573180012
6216,0.6652111759301721,0.7125235883133887
6217,0.665160221108692,0.712474718987109
6218,0.6651092666087769,0.7124258493392114
6219,0.6650583124303864,0.7123769793697573
6220,0.6650073585734851,0.7123281090787845
6221,0.6649564050380462,0.7122792384663293
6222,0.6649054518240121,0.7122303675324209
6223,0.6648544989313405,0.7121814962771138
6224,0.6648035463599846,0.7121326247004527
6225,0.6647525941099167,0.7120837528024819
6226,0.6647016421810599,0.7120348805832317
6227,0.6646506905734166,0.7119860080427763
6228,0.6645997392869187,0.7119371351811155
6229,0.6645487883215522,0.7118882619983169
6230,0.6644978376772396,0.7118393884943954
6231,0.6644468873539395,0.7117905146694254
6232,0.6643959373516258,0.7117416405234518
6233,0.6643449876702622,0.7116927660564986
6234,0.6642940383098015,0.7116438912686023
6235,0.6642430892701792,0.7115950161598111
6236,0.6641921405513674,0.7115461407301874
6237,0.6641411921533442,0.7114972649797615
6238,0.6640902440760414,0.7114483889085553
6239,0.6640392963194306,0.7113995125166337
6240,0.6639883488834458,0.7113506358040309
6241,0.6639374017680914,0.7113017587708059
6242,0.6638864549732811,0.7112528814169603
6243,0.6638355084989976,0.7112040037425764
6244,0.6637845623451784,0.7111551257476734
6245,0.6637336165117981,0.7111062474323131
6246,0.66368267099882,0.7110573687965204
6247,0.6636317258061846,0.7110084898403353
6248,0.6635807809338589,0.710959610563813
6249,0.6635298363817955,0.7109107309669884
6250,0.6634788921499748,0.7108618510499095
6251,0.6634279482383182,0.7108129708125948
6252,0.6633770046468006,0.7107640902551224
6253,0.6633260613753946,0.7107152093775198
6254,0.6632751184240396,0.7106663281798113
6255,0.6632241757927011,0.7106174466620605
6256,0.6631732334813414,0.7105685648242994
6257,0.6631222914899068,0.7105196826665675
6258,0.6630713498183652,0.7104708001889173
6259,0.6630204084666794,0.7104219173913813
6260,0.66296946743479,0.710373034273998
6261,0.6629185267226653,0.7103241508368245
6262,0.6628675863302705,0.710275267079892
6263,0.6628166462575672,0.7102263830032394
6264,0.6627657065044844,0.7101774986069023
6265,0.6627147670710081,0.7101286138909497
6266,0.6626638279570873,0.7100797288553998
6267,0.6626128891626742,0.7100308435003
6268,0.6625619506877483,0.7099819578257014
6269,0.6625110125322524,0.7099330718316219
6270,0.6624600746961322,0.7098841855181202
6271,0.6624091371793843,0.7098352988852481
6272,0.6623581999819381,0.7097864119330124
6273,0.6623072631037613,0.709737524661483
6274,0.6622563265448037,0.7096886370706906
6275,0.6622053903050231,0.7096397491606863
6276,0.662154454384395,0.7095908609315115
6277,0.6621035187828438,0.7095419723831919
6278,0.6620525835003827,0.7094930835158013
6279,0.6620016485369207,0.7094441943293297
6280,0.6619507138924495,0.7093953048238653
6281,0.6618997795669116,0.7093464149994164
6282,0.661848845560256,0.7092975248560441
6283,0.6617979118724706,0.7092486343937937
6284,0.6617469785034836,0.7091997436126823
6285,0.6616960454532812,0.7091508525127769
6286,0.6616451127217972,0.7091019610940967
6287,0.6615941803089946,0.7090530693567045
6288,0.661543248214855,0.709004177300637
6289,0.6614923164393129,0.7089552849259146
6290,0.6614413849823266,0.7089063922326028
6291,0.6613904538438773,0.7088574992207399
6292,0.6613395230239161,0.7088086058903484
6293,0.6612885925223946,0.7087597122414759
6294,0.6612376623392695,0.7087108182741708
6295,0.6611867324744987,0.708661923988477
6296,0.6611358029280568,0.708613029384435
6297,0.6610848736998739,0.7085641344620712
6298,0.6610339447899494,0.708515239221456
6299,0.6609830161982118,0.7084663436625893
6300,0.6609320879246272,0.7084174477855428
6301,0.6608811599691563,0.7083685515903502
6302,0.6608302323317615,0.7083196550770497
6303,0.660779305012397,0.7082707582456819
6304,0.6607283780110319,0.7082218610962904
6305,0.6606774513276028,0.7081729636289078
6306,0.660626524962106,0.7081240658435939
6307,0.6605755989144636,0.7080751677403565
6308,0.6605246731846562,0.7080262693192713
6309,0.6604737477726117,0.7079773705803589
6310,0.6604228226783503,0.7079284715236872
6311,0.6603718979017773,0.7078795721492446
6312,0.6603209734428648,0.7078306724571165
6313,0.6602700493015848,0.7077817724473365
6314,0.6602191254778869,0.7077328721199305
6315,0.6601682019717439,0.7076839714749497
6316,0.660117278783075,0.7076350705124215
6317,0.6600663559119039,0.7075861692324257
6318,0.6600154333581453,0.7075372676349383
6319,0.6599645111217486,0.7074883657200468
6320,0.6599135892027167,0.7074394634877998
6321,0.6598626676009729,0.7073905609381947
6322,0.659811746316494,0.7073416580713096
6323,0.659760825349233,0.7072927548871655
6324,0.659709904699146,0.7072438513858108
6325,0.6596589843661917,0.707194947567289
6326,0.6596080643503449,0.7071460434316412
6327,0.6595571446515701,0.707097138978892
6328,0.6595062252697869,0.7070482342090797
6329,0.6594553062049979,0.7069993291222816
6330,0.65940438745715,0.7069504237184965
6331,0.6593534690261906,0.7069015179977785
6332,0.6593025509120772,0.7068526119601777
6333,0.6592516331147972,0.7068037056057364
6334,0.6592007156342934,0.7067547989344709
6335,0.6591497984705065,0.7067058919464355
6336,0.6590988816234294,0.7066569846416904
6337,0.6590479650930144,0.7066080770202415
6338,0.6589970488792034,0.7065591690821373
6339,0.6589461329819577,0.7065102608274371
6340,0.6588952174012714,0.7064613522561777
6341,0.6588443021370531,0.7064124433683662
6342,0.6587933871893086,0.7063635341640926
6343,0.6587424725579707,0.7063146246433543
6344,0.6586915582430041,0.7062657148062145
6345,0.6586406442443814,0.7062168046527109
6346,0.6585897305620454,0.7061678941828702
6347,0.6585388171959754,0.7061189833967498
6348,0.6584879041461045,0.70607007229437
6349,0.6584369914124186,0.7060211608757977
6350,0.6583860789948626,0.7059722491410476
6351,0.6583351668934087,0.7059233370901739
6352,0.6582842551079935,0.7058744247232063
6353,0.6582333436386206,0.7058255120402047
6354,0.6581824324852062,0.7057765990411716
6355,0.6581315216477254,0.7057276857261832
6356,0.6580806111261401,0.7056787720952696
6357,0.6580297009204189,0.7056298581484655
6358,0.6579787910305086,0.7055809438858065
6359,0.657927881456375,0.7055320293073417
6360,0.6578769721979723,0.7054831144131095
6361,0.6578260632552706,0.7054341992031512
6362,0.657775154628224,0.7053852836774981
6363,0.6577242463168075,0.7053363678361986
6364,0.6576733383209606,0.7052874516792741
6365,0.6576224306406381,0.7052385352067878
6366,0.6575715232758242,0.7051896184187835
6367,0.6575206162264727,0.7051407013152774
6368,0.6574697094925405,0.7050917838963153
6369,0.6574188030739795,0.7050428661619416
6370,0.6573678969707724,0.7049939481122031
6371,0.6573169911828564,0.7049450297471176
6372,0.6572660857102006,0.7048961110667469
6373,0.6572151805527616,0.7048471920711246
6374,0.6571642757105248,0.7047982727602911
6375,0.6571133711834153,0.7047493531342622
6376,0.6570624669714091,0.7047004331931128
6377,0.6570115630744764,0.7046515129368667
6378,0.6569606594925602,0.7046025923655543
6379,0.6569097562256354,0.704553671479231
6380,0.6568588532736521,0.7045047502779243
6381,0.6568079506365746,0.7044558287616829
6382,0.6567570483143675,0.7044069069305419
6383,0.656706146306987,0.7043579847845378
6384,0.6566552446143888,0.7043090623237138
6385,0.6566043432365434,0.7042601395481132
6386,0.6565534421734167,0.7042112164577674
6387,0.656502541424953,0.7041622930527094
6388,0.6564516409911226,0.7041133693329955
6389,0.6564007408718896,0.704064445298654
6390,0.6563498410672043,0.7040155209497233
6391,0.6562989415770265,0.7039665962862509
6392,0.6562480424013283,0.7039176713082762
6393,0.6561971435400673,0.7038687460158305
6394,0.6561462449932147,0.7038198204089525
6395,0.6560953467607007,0.7037708944876757
6396,0.6560444488425221,0.7037219682520637
6397,0.655993551238608,0.7036730417021262
6398,0.6559426539489399,0.7036241148379282
6399,0.655891756973475,0.703575187659492
6400,0.6558408603121779,0.7035262601668583
6401,0.6557899639649983,0.7034773323600652
6402,0.6557390679319152,0.7034284042391599
6403,0.6556881722128691,0.7033794758041665
6404,0.6556372768078247,0.7033305470551418
6405,0.6555863817167475,0.7032816179921216
6406,0.655535486939616,0.7032326886151399
6407,0.6554845924763679,0.7031837589242211
6408,0.6554336983269659,0.703134828919425
6409,0.6553828044913818,0.7030858986007883
6410,0.6553319109695621,0.7030369679683426
6411,0.6552810177614926,0.7029880370221364
6412,0.6552301248671124,0.7029391057621878
6413,0.6551792322863783,0.7028901741885564
6414,0.655128340019275,0.7028412423012862
6415,0.655077448065753,0.7027923101003906
6416,0.655026556425769,0.7027433775859218
6417,0.654975665099291,0.7026944447579212
6418,0.6549247740862828,0.7026455116164204
6419,0.654873883386678,0.7025965781614566
6420,0.6548229930004863,0.7025476443930958
6421,0.6547721029276404,0.7024987103113287
6422,0.654721213168089,0.7024497759162232
6423,0.6546703237218215,0.7024008412078302
6424,0.6546194345887817,0.7023519061861582
6425,0.6545685457689312,0.7023029708512665
6426,0.6545176572622525,0.702254035203189
6427,0.6544667690686871,0.7022050992419493
6428,0.6544158811881937,0.7021561629676037
6429,0.6543649936207352,0.70210722638019
6430,0.654314106366303,0.7020582894797482
6431,0.6542632194248179,0.7020093522662891
6432,0.6542123327962639,0.7019604147398878
6433,0.6541614464805878,0.701911476900561
6434,0.6541105604777732,0.7018625387483641
6435,0.6540596747877582,0.7018136002833135
6436,0.6540087894105199,0.7017646615054665
6437,0.6539579043460081,0.7017157224148515
6438,0.6539070195941985,0.7016667830115162
6439,0.6538561351550422,0.7016178432954847
6440,0.653805251028505,0.701568903266806
6441,0.6537543672145715,0.7015199629255151
6442,0.6537034837131604,0.7014710222716297
6443,0.6536526005242539,0.7014220813052263
6444,0.6536017176478234,0.7013731400263237
6445,0.6535508350838051,0.701324198434954
6446,0.6534999528321881,0.7012752565311767
6447,0.653449070892922,0.7012263143150033
6448,0.6533981892659815,0.7011773717864889
6449,0.6533473079513008,0.7011284289456539
6450,0.6532964269488624,0.701079485792566
6451,0.6532455462586246,0.7010305423272412
6452,0.6531946658805493,0.7009815985497222
6453,0.6531437858146014,0.7009326544600472
6454,0.6530929060607348,0.7008837100582529
6455,0.653042026618907,0.7008347653443818
6456,0.6529911474891045,0.7007858203184791
6457,0.6529402686712698,0.700736874980558
6458,0.6528893901653693,0.7006879293306757
6459,0.6528385119713647,0.7006389833688655
6460,0.6527876340892215,0.7005900370951652
6461,0.6527367565188869,0.7005410905096099
6462,0.6526858792603466,0.7004921436122525
6463,0.6526350023135523,0.700443196403107
6464,0.6525841256784555,0.7003942488822223
6465,0.6525332493550418,0.7003453010496463
6466,0.6524823733432541,0.7002963529053952
6467,0.6524314976430574,0.7002474044495238
6468,0.6523806222544266,0.700198455682066
6469,0.6523297471773011,0.7001495066030504
6470,0.652278872411673,0.7001005572125352
6471,0.6522279979574682,0.7000516075105293
6472,0.6521771238146846,0.7000026574971063
6473,0.6521262499832678,0.6999537071722679
6474,0.6520753764631757,0.6999047565360708
6475,0.652024503254383,0.6998558055885548
6476,0.651973630356837,0.6998068543297451
6477,0.6519227577705179,0.6997579027596954
6478,0.6518718854953688,0.6997089508784258
6479,0.6518210135313733,0.6996599986859904
6480,0.6517701418784859,0.6996110461824102
6481,0.6517192705366482,0.6995620933677276
6482,0.6516683995058419,0.6995131402420014
6483,0.6516175287860462,0.6994641868052491
6484,0.6515666583772034,0.6994152330574946
6485,0.6515157882792724,0.6993662789987918
6486,0.6514649184922203,0.6993173246291849
6487,0.6514140490160191,0.6992683699487046
6488,0.6513631798506281,0.6992194149573802
6489,0.6513123109959985,0.6991704596552515
6490,0.6512614424520825,0.6991215040423688
6491,0.6512105742188841,0.6990725481187772
6492,0.6511597062963339,0.6990235918844752
6493,0.6511088386844094,0.6989746353395307
6494,0.6510579713830676,0.6989256784839686
6495,0.6510071043922631,0.6988767213178291
6496,0.6509562377119668,0.698827763841157
6497,0.6509053713421404,0.6987788060539839
6498,0.6508545052827532,0.6987298479563475
6499,0.6508036395337653,0.6986808895482792
6500,0.6507527740951253,0.6986319308298171
6501,0.6507019089668338,0.698582971801013
6502,0.6506510441487916,0.6985340124618689
6503,0.6506001796410309,0.698485052812478
6504,0.650549315443447,0.6984360928528146
6505,0.6504984515560572,0.6983871325829787
6506,0.6504475879788088,0.6983381720029564
6507,0.6503967247116504,0.6982892111127995
6508,0.6503458617545588,0.6982402499125572
6509,0.6502949991074881,0.6981912884022559
6510,0.6502441367704179,0.6981423265819386
6511,0.6501932747432908,0.6980933644516273
6512,0.650142413026079,0.6980444020113796
6513,0.6500915516187499,0.6979954392612239
6514,0.650040690521261,0.6979464762011898
6515,0.6499898297335753,0.6978975128313221
6516,0.6499389692556613,0.6978485491516591
6517,0.6498881090874745,0.6977995851622291
6518,0.6498372492289828,0.6977506208630794
6519,0.6497863896801469,0.6977016562542385
6520,0.649735530440923,0.6976526913357497
6521,0.6496846715112962,0.6976037261076544
6522,0.6496338128912149,0.6975547605699701
6523,0.649582954580644,0.697505794722743
6524,0.649532096579539,0.6974568285660143
6525,0.6494812388878836,0.6974078620998261
6526,0.6494303815056185,0.6973588953241925
6527,0.6493795244327006,0.6973099282391764
6528,0.6493286676691362,0.6972609608448183
6529,0.6492778112148628,0.6972119931411136
6530,0.6492269550698381,0.6971630251281251
6531,0.6491760992340332,0.6971140568058922
6532,0.6491252437073918,0.6970650881744467
6533,0.6490743884899162,0.6970161192338439
6534,0.6490235335815375,0.6969671499840818
6535,0.6489726789822309,0.696918180425228
6536,0.6489218246919531,0.6968692105573085
6537,0.6488709707106786,0.6968202403803663
6538,0.6488201170383706,0.6967712698944277
6539,0.6487692636749827,0.6967222990995272
6540,0.6487184106204844,0.6966733279957142
6541,0.6486675578748343,0.696624356583017
6542,0.6486167054380024,0.6965753848614771
6543,0.6485658533099663,0.6965264128311268
6544,0.6485150014906497,0.6964774404919867
6545,0.6484641499800483,0.6964284678441324
6546,0.6484132987781248,0.6963794948875687
6547,0.648362447884816,0.6963305216223337
6548,0.6483115973001362,0.6962815480484897
6549,0.6482607470239955,0.6962325741660235
6550,0.6482098970563809,0.6961835999750237
6551,0.6481590473972622,0.6961346254755044
6552,0.6481081980466185,0.6960856506674956
6553,0.6480573490043513,0.6960366755510181
6554,0.6480065002704879,0.6959877001261676
6555,0.6479556518449618,0.6959387243929228
6556,0.6479048037277398,0.6958897483513444
6557,0.6478539559188153,0.6958407720014684
6558,0.6478031084181137,0.6957917953433017
6559,0.6477522612255937,0.6957428183769199
6560,0.6477014143412549,0.6956938411023594
6561,0.6476505677650505,0.6956448635196256
6562,0.6475997214969355,0.6955958856287631
6563,0.6475488755368571,0.6955469074298166
6564,0.6474980298848123,0.69549792892284
6565,0.6474471845407597,0.6954489501078347
6566,0.6473963395046415,0.6953999709848455
6567,0.6473454947764422,0.6953509915539267
6568,0.6472946503561252,0.6953020118150959
6569,0.6472438062436402,0.6952530317683885
6570,0.6471929624389622,0.695204051413855
6571,0.6471421189420633,0.6951550707515184
6572,0.6470912757528896,0.695106089781413
6573,0.6470404328714117,0.695057108503585
6574,0.6469895902975771,0.6950081269180687
6575,0.6469387480313954,0.6949591450249136
6576,0.6468879060727851,0.6949101628241134
6577,0.6468370644217506,0.6948611803157465
6578,0.6467862230782035,0.6948121974998117
6579,0.6467353820421531,0.6947632143763935
6580,0.6466845413135639,0.6947142309454862
6581,0.6466337008923657,0.6946652472071224
6582,0.6465828607785551,0.6946162631613748
6583,0.6465320209720814,0.6945672788082449
6584,0.6464811814729149,0.694518294147784
6585,0.6464303422810095,0.694469309180022
6586,0.6463795033963369,0.6944203239050049
6587,0.6463286648188624,0.6943713383227614
6588,0.6462778265485507,0.6943223524333252
6589,0.6462269885853679,0.6942733662367322
6590,0.6461761509292636,0.6942243797330172
6591,0.6461253135802365,0.6941753929222285
6592,0.6460744765382103,0.6941264058043692
6593,0.6460236398031693,0.6940774183795136
6594,0.6459728033750973,0.6940284306476798
6595,0.6459219672539172,0.6939794426088844
6596,0.6458711314396047,0.6939304542632005
6597,0.6458202959321595,0.6938814656106559
6598,0.6457694607315142,0.6938324766512505
6599,0.6457186258376264,0.6937834873850504
6600,0.6456677912504841,0.6937344978120996
6601,0.6456169569700573,0.693685507932408
6602,0.6455661229962736,0.6936365177460082
6603,0.6455152893291289,0.6935875272529703
6604,0.6454644559685904,0.6935385364533
6605,0.6454136229145803,0.6934895453470302
6606,0.6453627901671247,0.6934405539342354
6607,0.645311957726147,0.6933915622148936
6608,0.6452611255916115,0.6933425701890799
6609,0.6452102937635078,0.6932935778568287
6610,0.6451594622418021,0.6932445852181516
6611,0.6451086310264206,0.6931955922730857
6612,0.6450578001173558,0.6931465990216978
6613,0.6450069695145696,0.6930976054640003
6614,0.6449561392180327,0.6930486116000292
6615,0.6449053092277061,0.6929996174298165
6616,0.6448544795435392,0.6929506229533988
6617,0.6448036501655208,0.6929016281708269
6618,0.6447528210935939,0.6928526330821132
6619,0.6447019923277452,0.6928036376873132
6620,0.6446511638679251,0.6927546419864397
6621,0.6446003357140985,0.6927056459795453
6622,0.6445495078662294,0.6926566496666622
6623,0.6444986803242914,0.6926076530478267
6624,0.6444478530882587,0.6925586561230679
6625,0.6443970261580646,0.6925096588924093
6626,0.6443461995337098,0.6924606613559168
6627,0.6442953732151284,0.6924116635135911
6628,0.6442445472023065,0.692362665365499
6629,0.6441937214952042,0.6923136669116514
6630,0.6441428960937756,0.6922646681520911
6631,0.6440920709980056,0.6922156690868626
6632,0.6440412462078408,0.6921666697159827
6633,0.6439904217232663,0.692117670039502
6634,0.643939597544223,0.6920686700574371
6635,0.6438887736707002,0.6920196697698473
6636,0.6438379501026257,0.6919706691767427
6637,0.6437871268400166,0.6919216682781945
6638,0.6437363038828056,0.6918726670741883
6639,0.6436854812309633,0.6918236655647876
6640,0.6436346588844618,0.6917746637500255
6641,0.6435838368432588,0.6917256616299279
6642,0.6435330151073185,0.6916766592045384
6643,0.6434821936766175,0.6916276564738917
6644,0.643431372551096,0.6915786534380115
6645,0.6433805517307403,0.6915296500969579
6646,0.6433297312155181,0.6914806464507429
6647,0.6432789110053968,0.6914316424994007
6648,0.6432280911003213,0.6913826382429646
6649,0.6431772715002743,0.6913336336814868
6650,0.6431264522052191,0.6912846288149889
6651,0.6430756332151248,0.691235623643502
6652,0.6430248145299354,0.6911866181670616
6653,0.6429739961496381,0.6911376123857215
6654,0.6429231780741917,0.6910886062994945
6655,0.6428723603035629,0.6910395999084238
6656,0.6428215428377145,0.6909905932125402
6657,0.6427707256766217,0.6909415862118822
6658,0.6427199088202404,0.6908925789064746
6659,0.6426690922685377,0.6908435712963613
6660,0.6426182760214636,0.690794563381575
6661,0.6425674600790251,0.6907455551621633
6662,0.6425166444411443,0.6906965466381252
6663,0.642465829107828,0.6906475378095327
6664,0.6424150140789925,0.6905985286763834
6665,0.6423641993546497,0.6905495192387587
6666,0.6423133849347429,0.6905005094966452
6667,0.6422625708192373,0.6904514994501036
6668,0.6422117570081086,0.6904024890991659
6669,0.6421609435013089,0.6903534784438574
6670,0.642110130298813,0.6903044674842249
6671,0.6420593174005936,0.6902554562202936
6672,0.642008504806598,0.6902064446520916
6673,0.6419576925167996,0.6901574327796729
6674,0.6419068805311786,0.6901084206030619
6675,0.6418560688496862,0.6900594081222791
6676,0.6418052574722901,0.6900103953373735
6677,0.6417544463989565,0.6899613822483774
6678,0.6417036356296513,0.6899123688553245
6679,0.6416528251643466,0.689863355158249
6680,0.6416020150029955,0.6898143411571787
6681,0.6415512051455822,0.6897653268521602
6682,0.6415003955920469,0.6897163122432086
6683,0.6414495863423888,0.6896672973303852
6684,0.6413987773965453,0.6896182821136909
6685,0.6413479687544958,0.689569266593187
6686,0.6412971604162058,0.6895202507688948
6687,0.641246352381645,0.689471234640849
6688,0.6411955446507743,0.6894222182090802
6689,0.6411447372235435,0.6893732014736269
6690,0.6410939300999514,0.6893241844345386
6691,0.6410431232799343,0.6892751670918169
6692,0.6409923167634929,0.6892261494455263
6693,0.6409415105505634,0.6891771314956665
6694,0.640890704641103,0.6891281132423008
6695,0.6408398990351086,0.6890790946854692
6696,0.6407890937325406,0.6890300758251775
6697,0.6407382887333473,0.6889810566614667
6698,0.6406874840375206,0.6889320371943854
6699,0.6406366796450021,0.6888830174239439
6700,0.6405858755557653,0.6888339973502006
6701,0.6405350717697921,0.6887849769731798
6702,0.6404842682870199,0.6887359562929017
6703,0.6404334651074319,0.6886869353094273
6704,0.6403826622310124,0.6886379140227749
6705,0.640331859657683,0.6885888924329594
6706,0.6402810573874554,0.6885398705400589
6707,0.6402302554202788,0.6884908483440633
6708,0.6401794537561039,0.6884418258450218
6709,0.6401286523949248,0.6883928030429851
6710,0.6400778513366935,0.6883437799379568
6711,0.640027050581365,0.6882947565299877
6712,0.6399762501289221,0.6882457328191199
6713,0.6399254499793343,0.6881967088053711
6714,0.6398746501325514,0.6881476844887745
6715,0.6398238505885563,0.6880986598693783
6716,0.6397730513473177,0.6880496349472002
6717,0.6397222524087831,0.6880006097222702
6718,0.6396714537729459,0.687951584194642
6719,0.6396206554397226,0.6879025583643239
6720,0.6395698574091473,0.6878535322313939
6721,0.6395190596811334,0.6878045057958242
6722,0.6394682622556765,0.687755479057697
6723,0.6394174651327311,0.6877064520170195
6724,0.6393666683122613,0.6876574246738348
6725,0.6393158717942469,0.6876083970281808
6726,0.6392650755786392,0.6875593690800772
6727,0.6392142796654177,0.6875103408295722
6728,0.6391634840545588,0.6874613122766864
6729,0.6391126887459821,0.6874122834214444
6730,0.6390618937397127,0.6873632542639232
6731,0.6390110990356831,0.6873142248041021
6732,0.6389603046338698,0.687265195042047
6733,0.6389095105342402,0.6872161649777799
6734,0.6388587167367492,0.687167134611335
6735,0.6388079232413842,0.6871181039427567
6736,0.6387571300481092,0.6870690729720581
6737,0.638706337156876,0.6870200416992764
6738,0.6386555445676545,0.6869710101244564
6739,0.6386047522804182,0.686921978247631
6740,0.638553960295137,0.6868729460688255
6741,0.6385031686117822,0.6868239135880714
6742,0.638452377230285,0.6867748808053951
6743,0.6384015861506714,0.6867258477208679
6744,0.6383507953728498,0.6866768143344615
6745,0.6383000048968206,0.6866277806462695
6746,0.6382492147225598,0.6865787466562896
6747,0.6381984248499994,0.6865297123645477
6748,0.6381476352791436,0.6864806777711092
6749,0.6380968460099229,0.6864316428759739
6750,0.638046057042329,0.6863826076792057
6751,0.6379952683763394,0.6863335721808188
6752,0.6379444800118769,0.6862845363808325
6753,0.637893691948969,0.6862355002793229
6754,0.6378429041875159,0.6861864638762664
6755,0.6377921167275452,0.6861374271717591
6756,0.6377413295689853,0.686088390165775
6757,0.6376905427118293,0.6860393528583855
6758,0.6376397561560194,0.6859903152495992
6759,0.6375889699015614,0.6859412773394709
6760,0.6375381839483635,0.6858922391279969
6761,0.6374873982964397,0.6858432006152665
6762,0.6374366129457517,0.6857941618012682
6763,0.6373858278962448,0.6857451226860403
6764,0.6373350431479158,0.6856960832696355
6765,0.6372842587007028,0.6856470435520592
6766,0.6372334745545892,0.6855980035333717
6767,0.6371826907095391,0.6855489632135898
6768,0.6371319071655235,0.6854999225927495
6769,0.6370811239225207,0.6854508816708811
6770,0.6370303409804584,0.6854018404480056
6771,0.6369795583393507,0.685352798924193
6772,0.6369287759991406,0.6853037570994327
6773,0.6368779939597987,0.6852547149737809
6774,0.6368272122212948,0.6852056725472658
6775,0.6367764307836012,0.6851566298199173
6776,0.6367256496466596,0.6851075867917646
6777,0.6366748688104775,0.685058543462863
6778,0.6366240882749891,0.6850094998332106
6779,0.6365733080401876,0.6849604559028678
6780,0.6365225281060155,0.6849114116718434
6781,0.6364717484724715,0.6848623671401967
6782,0.6364209691394851,0.6848133223079256
6783,0.6363701901070616,0.6847642771751021
6784,0.636319411375137,0.6847152317417227
6785,0.6362686329437043,0.6846661860078473
6786,0.6362178548126987,0.6846171399734877
6787,0.6361670769821207,0.6845680936387032
6788,0.6361162994519451,0.6845190470034996
6789,0.6360655222220899,0.6844700000678979
6790,0.6360147452925811,0.6844209528319793
6791,0.6359639686633412,0.6843719052957229
6792,0.6359131923343694,0.6843228574592009
6793,0.6358624163056089,0.6842738093224168
6794,0.6358116405770432,0.6842247608854265
6795,0.6357608651486469,0.6841757121482466
6796,0.635710090020354,0.6841266631109029
6797,0.6356593151921643,0.6840776137734601
6798,0.635608540664041,0.68402856413592
6799,0.6355577664359443,0.6839795141983185
6800,0.6355069925078493,0.6839304639606967
6801,0.6354562188797229,0.6838814134230775
6802,0.6354054455515212,0.6838323625854947
6803,0.6353546725232246,0.6837833114479934
6804,0.6353038997948018,0.6837342600105929
6805,0.6352531273661994,0.6836852082733224
6806,0.6352023552374206,0.6836361562362369
6807,0.6351515834084064,0.6835871038993326
6808,0.635100811879132,0.6835380512626694
6809,0.6350500406495849,0.683488998326272
6810,0.634999269719701,0.6834399450901537
6811,0.6349484990894608,0.683390891554376
6812,0.6348977287588404,0.68334183771896
6813,0.6348469587278017,0.6832927835839291
6814,0.6347961889963264,0.6832437291493226
6815,0.6347454195643415,0.6831946744151577
6816,0.6346946504318589,0.6831456193815064
6817,0.6346438815988303,0.6830965640483595
6818,0.6345931130652206,0.6830475084157638
6819,0.6345423448309963,0.6829984524837535
6820,0.6344915768961363,0.6829493962523623
6821,0.6344408092606129,0.6829003397216142
6822,0.6343900419243829,0.6828512828915345
6823,0.6343392748874223,0.6828022257621651
6824,0.6342885081496799,0.6827531683335332
6825,0.634237741711151,0.6827041106056864
6826,0.634186975571786,0.6826550525786322
6827,0.6341362097315663,0.682605994252419
6828,0.6340854441904298,0.682556935627066
6829,0.6340346789483841,0.6825078767026352
6830,0.6339839140053865,0.6824588174791191
6831,0.6339331493613917,0.6824097579565604
6832,0.6338823850163707,0.6823606981350026
6833,0.6338316209703074,0.682311638014476
6834,0.6337808572231562,0.6822625775949989
6835,0.6337300937748945,0.6822135168766128
6836,0.6336793306254798,0.6821644558593437
6837,0.6336285677748942,0.6821153945432321
6838,0.6335778052230882,0.6820663329282979
6839,0.6335270429700449,0.6820172710145875
6840,0.633476281015737,0.6819682088021197
6841,0.6334255193601107,0.681919146290924
6842,0.6333747580031532,0.6818700834810488
6843,0.633323996944841,0.6818210203725106
6844,0.6332732361851239,0.6817719569653335
6845,0.6332224757239658,0.6817228932595651
6846,0.6331717155613588,0.6816738292552433
6847,0.6331209556972588,0.6816247649523762
6848,0.6330701961316322,0.6815757003510055
6849,0.6330194368644614,0.6815266354511686
6850,0.632968677895685,0.6814775702528808
6851,0.6329179192253072,0.6814285047562025
6852,0.6328671608532679,0.6813794389611318
6853,0.6328164027795621,0.6813303728677271
6854,0.6327656450041308,0.6812813064759942
6855,0.6327148875269565,0.6812322397859913
6856,0.6326641303480199,0.6811831727977367
6857,0.6326133734672854,0.6811341055112503
6858,0.6325626168846907,0.6810850379265676
6859,0.6325118606002486,0.6810359700437476
6860,0.6324611046138985,0.6809869018627828
6861,0.6324103489256178,0.6809378333837299
6862,0.6323595935353815,0.6808887646066111
6863,0.632308838443152,0.680839695531456
6864,0.6322580836488975,0.680790626158297
6865,0.6322073291525833,0.680741556487169
6866,0.6321565749541966,0.680692486518105
6867,0.6321058210536883,0.6806434162511203
6868,0.6320550674510401,0.6805943456862605
6869,0.6320043141461967,0.680545274823547
6870,0.6319535611391602,0.6804962036630327
6871,0.6319028084298818,0.6804471322047174
6872,0.6318520560183226,0.6803980604486488
6873,0.6318013039044702,0.6803489883948646
6874,0.6317505520882772,0.680299916043381
6875,0.6316998005697246,0.6802508433942407
6876,0.6316490493487734,0.6802017704474679
6877,0.6315982984254108,0.6801526972030958
6878,0.6315475477995847,0.6801036236611433
6879,0.6314967974712609,0.6800545498216566
6880,0.6314460474404306,0.6800054756846728
6881,0.6313952977070452,0.6799564012502026
6882,0.6313445482710818,0.6799073265182907
6883,0.6312937991325,0.679858251488962
6884,0.6312430502912969,0.6798091761622569
6885,0.6311923017474064,0.6797601005381788
6886,0.6311415535008098,0.6797110246167937
6887,0.6310908055514901,0.6796619483981163
6888,0.6310400578993969,0.6796128718821703
6889,0.6309893105445112,0.679563795069001
6890,0.6309385634868027,0.679514717958631
6891,0.6308878167262473,0.6794656405510882
6892,0.630837070262782,0.6794165628463965
6893,0.6307863240964074,0.6793674848446194
6894,0.6307355782270961,0.6793184065457579
6895,0.6306848326547956,0.6792693279498383
6896,0.630634087379491,0.6792202490569115
6897,0.6305833424011378,0.6791711698669949
6898,0.630532597719721,0.6791220903801305
6899,0.6304818533351967,0.6790730105963353
6900,0.630431109247556,0.6790239305156541
6901,0.630380365456735,0.6789748501380923
6902,0.6303296219627273,0.6789257694637161
6903,0.6302788787654948,0.6788766884925335
6904,0.6302281358650099,0.6788276072245787
6905,0.6301773932612437,0.6787785256598813
6906,0.6301266509541547,0.6787294437984704
6907,0.6300759089437271,0.6786803616403865
6908,0.6300251672299205,0.6786312791856475
6909,0.6299744258127135,0.6785821964342921
6910,0.6299236846920777,0.6785331133863421
6911,0.6298729438679518,0.6784840300418253
6912,0.6298222033403497,0.6784349464008048
6913,0.6297714631092151,0.6783858624632652
6914,0.6297207231745102,0.6783367782292613
6915,0.6296699835362325,0.678287693698834
6916,0.6296192441943165,0.6782386088719847
6917,0.6295685051487814,0.6781895237487771
6918,0.6295177663995548,0.6781404383291949
6919,0.6294670279466097,0.6780913526133094
6920,0.6294162897899268,0.6780422666011471
6921,0.6293655519294801,0.6779931802927257
6922,0.6293148143652375,0.6779440936880753
6923,0.6292640770971522,0.6778950067872238
6924,0.6292133401252074,0.6778459195902198
6925,0.6291626034493898,0.6777968320970825
6926,0.6291118670696344,0.6777477443078218
6927,0.6290611309859432,0.6776986562225027
6928,0.6290103951982579,0.6776495678411263
6929,0.6289596597065606,0.6776004791637475
6930,0.6289089245108346,0.677551390190386
6931,0.62885818961102,0.677502300921059
6932,0.6288074550071221,0.6774532113558235
6933,0.6287567206990822,0.6774041214946771
6934,0.6287059866868911,0.6773550313376786
6935,0.6286552529705036,0.6773059408848358
6936,0.6286045195498858,0.6772568501361922
6937,0.6285537864250316,0.6772077590917851
6938,0.6285030535958874,0.6771586677516198
6939,0.6284523210624285,0.6771095761157496
6940,0.628401588824641,0.6770604841841977
6941,0.6283508568824673,0.6770113919569809
6942,0.628300125235907,0.6769622994341533
6943,0.6282493938848965,0.6769132066157192
6944,0.6281986628294504,0.6768641135017375
6945,0.6281479320695029,0.676815020092199
6946,0.6280972016050307,0.6767659263871642
6947,0.6280464714360149,0.6767168323866621
6948,0.6279957415624049,0.676667738090706
6949,0.6279450119842045,0.6766186434993482
6950,0.6278942827013549,0.6765695486125876
6951,0.6278435537138339,0.6765204534304798
6952,0.6277928250216164,0.676471357953049
6953,0.6277420966246747,0.6764222621803195
6954,0.6276913685229631,0.6763731661123193
6955,0.6276406407164825,0.6763240697490929
6956,0.6275899132051661,0.6762749730906413
6957,0.6275391859889953,0.6762258761370286
6958,0.6274884590679727,0.6761767788882765
6959,0.6274377324420236,0.6761276813443823
6960,0.6273870061111447,0.6760785835054175
6961,0.6273362800752974,0.6760294853713867
6962,0.6272855543344508,0.6759803869423311
6963,0.6272348288885801,0.6759312882182769
6964,0.6271841037376624,0.675882189199254
6965,0.6271333788816581,0.675833089885282
6966,0.6270826543205256,0.6757839902764022
6967,0.627031930054273,0.6757348903726542
6968,0.6269812060828255,0.6756857901740323
6969,0.6269304824061851,0.6756366896806087
6970,0.626879759024297,0.6755875888923839
6971,0.6268290359371635,0.6755384878094106
6972,0.6267783131447375,0.675489386431688
6973,0.6267275906469888,0.6754402847592631
6974,0.6266768684438836,0.675391182792165
6975,0.6266261465354048,0.6753420805304278
6976,0.6265754249215271,0.6752929779740693
6977,0.6265247036021858,0.6752438751231155
6978,0.6264739825773967,0.6751947719776283
6979,0.6264232618471031,0.6751456685375953
6980,0.6263725414112935,0.6750965648030709
6981,0.6263218212699115,0.6750474607740686
6982,0.6262711014229527,0.6749983564506405
6983,0.6262203818703833,0.6749492518327949
6984,0.626169662612164,0.674900146920566
6985,0.6261189436482671,0.6748510417139907
6986,0.6260682249786698,0.674801936213097
6987,0.6260175066033508,0.67475283041791
6988,0.6259667885222667,0.6747037243284484
6989,0.6259160707353909,0.674654617944757
6990,0.6258653532426931,0.6746055112668625
6991,0.6258146360441483,0.6745564042947938
6992,0.6257639191397262,0.6745072970285784
6993,0.6257132025293944,0.6744581894682435
6994,0.6256624862131391,0.6744090816138233
6995,0.625611770190906,0.6743599734653316
6996,0.6255610544626826,0.6743108650228216
6997,0.6255103390284358,0.6742617562863071
6998,0.6254596238881321,0.6742126472558211
6999,0.6254089090417538,0.6741635379313957
7000,0.6253581944892534,0.6741144283130507
7001,0.625307480230628,0.6740653184008311
7002,0.6252567662658303,0.6740162081947423
7003,0.6252060525948309,0.6739670976948304
7004,0.6251553392176101,0.6739179869011255
7005,0.6251046261341189,0.673868875813646
7006,0.6250539133443577,0.6738197644324406
7007,0.625003200848285,0.6737706527575108
7008,0.6249524886458622,0.6737215407888975
7009,0.624901776737075,0.673672428526638
7010,0.6248510651218846,0.6736233159707483
7011,0.6248003538002572,0.6735742031212675
7012,0.6247496427721685,0.673525089978226
7013,0.6246989320376114,0.6734759765416518
7014,0.6246482215965296,0.6734268628115512
7015,0.624597511448896,0.6733777487879782
7016,0.6245468015947011,0.6733286344709628
7017,0.6244960920338855,0.6732795198605133
7018,0.624445382766461,0.6732304049566891
7019,0.6243946737923739,0.673181289759478
7020,0.6243439651115834,0.6731321742689358
7021,0.6242932567240781,0.6730830584850989
7022,0.6242425486298292,0.6730339424079838
7023,0.6241918408288137,0.6729848260376146
7024,0.6241411333209889,0.6729357093740193
7025,0.6240904261063266,0.6728865924172356
7026,0.6240397191848119,0.6728374751672958
7027,0.6239890125564024,0.6727883576242122
7028,0.6239383062210776,0.6727392397880285
7029,0.623887600178809,0.6726901216587635
7030,0.6238368944295504,0.6726410032364487
7031,0.6237861889732869,0.6725918845211274
7032,0.62373548381,0.6725427655128153
7033,0.6236847789396549,0.6724936462115318
7034,0.6236340743622202,0.67244452661731
7035,0.6235833700776616,0.6723954067301838
7036,0.6235326660859557,0.6723462865501855
7037,0.6234819623870689,0.6722971660773391
7038,0.6234312589809909,0.6722480453116777
7039,0.6233805558676748,0.6721989242532135
7040,0.6233298530470857,0.6721498029019901
7041,0.623279150519224,0.6721006812580451
7042,0.6232284482840412,0.6720515593213781
7043,0.623177746341518,0.672002437092036
7044,0.6231270446916004,0.6719533145700393
7045,0.6230763433342834,0.6719041917554409
7046,0.623025642269553,0.671855068648247
7047,0.622974941497345,0.6718059452484706
7048,0.6229242410176531,0.6717568215561761
7049,0.6228735408304398,0.6717076975713715
7050,0.6228228409356935,0.6716585732940905
7051,0.622772141333362,0.6716094487243502
7052,0.6227214420234296,0.6715603238621966
7053,0.6226707430058789,0.6715111987076505
7054,0.6226200442806586,0.6714620732607267
7055,0.6225693458477475,0.6714129475214765
7056,0.6225186477071272,0.6713638214899218
7057,0.6224679498587646,0.6713146951660802
7058,0.622417252302642,0.6712655685499872
7059,0.6223665550386915,0.6712164416416582
7060,0.6223158580669449,0.6711673144411598
7061,0.6222651613873151,0.6711181869484639
7062,0.6222144649998131,0.6710690591636557
7063,0.6221637689043938,0.671019931086723
7064,0.622113073101048,0.6709708027177131
7065,0.6220623775897176,0.6709216740566337
7066,0.6220116823703945,0.6708725451035447
7067,0.6219609874430481,0.6708234158584503
7068,0.6219102928076518,0.6707742863213855
7069,0.6218595984641674,0.6707251564923766
7070,0.6218089044125685,0.6706760263714582
7071,0.6217582106528596,0.6706268959586581
7072,0.6217075171849606,0.6705777652539747
7073,0.6216568240088697,0.6705286342574838
7074,0.6216061311245616,0.6704795029691901
7075,0.6215554385320141,0.6704303713891184
7076,0.6215047462311699,0.6703812395172899
7077,0.6214540542220355,0.6703321073537636
7078,0.621403362504572,0.6702829748985317
7079,0.6213526710787336,0.6702338421516327
7080,0.6213019799445159,0.6701847091131137
7081,0.6212512891018671,0.6701355757829772
7082,0.6212005985507976,0.6700864421612784
7083,0.6211499082912347,0.670037308248004
7084,0.6210992183231709,0.6699881740432265
7085,0.6210485286465868,0.6699390395469553
7086,0.620997839261442,0.6698899047592075
7087,0.6209471501677122,0.6698407696800257
7088,0.6208964613653832,0.6697916343094341
7089,0.6208457728544055,0.669742498647445
7090,0.620795084634759,0.6696933626941102
7091,0.6207443967064201,0.6696442264494487
7092,0.6206937090693506,0.6695950899134828
7093,0.6206430217235483,0.6695459530862524
7094,0.620592334668948,0.6694968159677597
7095,0.6205416479055474,0.669447678558069
7096,0.6204909614333177,0.6693985408571825
7097,0.6204402752522301,0.669349402865131
7098,0.6203895893622335,0.6693002645819415
7099,0.6203389037633362,0.6692511260076632
7100,0.6202882184554807,0.6692019871422925
7101,0.6202375334386688,0.6691528479858819
7102,0.620186848712858,0.6691037085384348
7103,0.6201361642780162,0.6690545687999896
7104,0.6200854801341015,0.669005428770582
7105,0.6200347962811232,0.6689562884502485
7106,0.6199841127190273,0.6689071478389839
7107,0.6199334294478113,0.668858006936841
7108,0.6198827464674129,0.6688088657438251
7109,0.6198320637778296,0.6687597242599943
7110,0.6197813813790235,0.668710582485353
7111,0.6197306992709648,0.6686614404199387
7112,0.6196800174536415,0.6686122980637808
7113,0.6196293359269986,0.668563155416893
7114,0.6195786546910389,0.6685140124793281
7115,0.6195279737457076,0.6684648692510848
7116,0.619477293091008,0.6684157257322172
7117,0.6194266127268873,0.6683665819227225
7118,0.6193759326533349,0.6683174378226538
7119,0.6193252528703055,0.6682682934320204
7120,0.6192745733777831,0.6682191487508682
7121,0.61922389417575,0.6681700037792144
7122,0.619173215264157,0.6681208585170759
7123,0.619122536642987,0.6680717129645006
7124,0.6190718583122262,0.6680225671215063
7125,0.6190211802718099,0.667973420988109
7126,0.6189705025217667,0.6679242745643691
7127,0.6189198250620185,0.6678751278502615
7128,0.6188691478925533,0.6678259808458649
7129,0.6188184710133496,0.6677768335511864
7130,0.618767794424382,0.6677276859662526
7131,0.6187171181256361,0.6676785380910877
7132,0.6186664421170402,0.6676293899257042
7133,0.6186157663986218,0.6675802414701758
7134,0.6185650909702957,0.6675310927244744
7135,0.6185144158320968,0.667481943688683
7136,0.6184637409839551,0.667432794362772
7137,0.618413066425859,0.6673836447468044
7138,0.6183623921577655,0.6673344948407994
7139,0.6183117181796702,0.6672853446447939
7140,0.6182610444915322,0.6672361941587953
7141,0.6182103710933413,0.6671870433828424
7142,0.6181596979850421,0.667137892316948
7143,0.6181090251666335,0.6670887409611648
7144,0.6180583526380746,0.667039589315497
7145,0.618007680399337,0.6669904373799831
7146,0.6179570084504012,0.6669412851546518
7147,0.6179063367912397,0.6668921326395235
7148,0.6178556654218201,0.6668429798346259
7149,0.6178049943421237,0.6667938267399879
7150,0.6177543235521046,0.6667446733556346
7151,0.6177036530517567,0.6666955196816065
7152,0.6176529828410577,0.6666463657179107
7153,0.6176023129199547,0.6665972114645707
7154,0.6175516432884258,0.66654805692164
7155,0.6175009739464851,0.6664989020891388
7156,0.6174503048940528,0.6664497469670535
7157,0.617399636131116,0.6664005915554645
7158,0.6173489676576704,0.6663514358543827
7159,0.6172982994736631,0.6663022798638165
7160,0.6172476315790755,0.6662531235838156
7161,0.6171969639738992,0.6662039670143974
7162,0.6171462966580745,0.6661548101555739
7163,0.617095629631614,0.6661056530074023
7164,0.6170449628944517,0.6660564955698716
7165,0.6169942964465666,0.6660073378430468
7166,0.6169436302879635,0.6659581798269472
7167,0.6168929644185874,0.6659090215215726
7168,0.6168422988384227,0.6658598629269731
7169,0.6167916335474372,0.6658107040431669
7170,0.6167409685456011,0.6657615448701864
7171,0.6166903038328966,0.6657123854080603
7172,0.6166396394092966,0.6656632256568062
7173,0.616588975274769,0.6656140656164538
7174,0.6165383114292942,0.6655649052870322
7175,0.6164876478728291,0.6655157446685609
7176,0.6164369846053803,0.6654665837610858
7177,0.6163863216268781,0.6654174225645986
7178,0.6163356589373324,0.6653682610791669
7179,0.6162849965367002,0.6653190993047852
7180,0.6162343344249444,0.6652699372414927
7181,0.6161836726020503,0.6652207748893287
7182,0.6161330110680012,0.6651716122483072
7183,0.6160823498227587,0.6651224493184438
7184,0.6160316888663184,0.6650732860997789
7185,0.6159810281986084,0.6650241225923168
7186,0.6159303678196411,0.664974958796127
7187,0.6158797077293635,0.6649257947112008
7188,0.6158290479277697,0.6648766303375869
7189,0.6157783884148279,0.6648274656752946
7190,0.6157277291905126,0.6647783007243535
7191,0.6156770702547862,0.6647291354847911
7192,0.6156264116076311,0.6646799699566431
7193,0.6155757532490309,0.664630804139929
7194,0.6155250951789477,0.6645816380346636
7195,0.6154744373973535,0.6645324716408864
7196,0.6154237799042171,0.6644833049586236
7197,0.6153731226995398,0.664434137987906
7198,0.6153224657832643,0.664384970728735
7199,0.615271809155356,0.664335803181166
7200,0.6152211528158298,0.6642866353452335
7201,0.6151704967646451,0.6642374672209227
7202,0.6151198410017471,0.6641882988082753
7203,0.6150691855271457,0.6641391301073455
7204,0.6150185303407999,0.664089961118123
7205,0.6149678754426733,0.6640407918406483
7206,0.6149172208327534,0.6639916222749601
7207,0.614866566511011,0.6639424524210673
7208,0.6148159124774277,0.663893282279003
7209,0.6147652587319548,0.6638441118487823
7210,0.6147146052745892,0.6637949411304556
7211,0.6146639521052961,0.6637457701240272
7212,0.6146132992240456,0.663696598829529
7213,0.6145626466308323,0.6636474272469932
7214,0.6145119943255786,0.6635982553764243
7215,0.6144613423083212,0.6635490832178992
7216,0.6144106905789976,0.6634999107713817
7217,0.6143600391375829,0.6634507380369354
7218,0.6143093879840714,0.6634015650145837
7219,0.6142587371184188,0.6633523917043336
7220,0.6142080865405919,0.6633032181062282
7221,0.6141574362505886,0.663254044220301
7222,0.6141067862483703,0.6632048700465544
7223,0.6140561365339154,0.6631556955850272
7224,0.6140054871071859,0.6631065208357407
7225,0.6139548379681685,0.6630573457987319
7226,0.6139041891168393,0.6630081704740174
7227,0.6138535405531452,0.6629589948616172
7228,0.6138028922770975,0.6629098189615852
7229,0.6137522442886437,0.6628606427739105
7230,0.613701596587776,0.6628114662986487
7231,0.6136509491744776,0.6627622895358032
7232,0.6136003020486864,0.6627131124853933
7233,0.6135496552103855,0.6626639351474797
7234,0.6134990086595771,0.6626147575220782
7235,0.6134483623962174,0.66256557960919
7236,0.6133977164202817,0.6625164014088567
7237,0.6133470707317286,0.6624672229211053
7238,0.6132964253305595,0.6624180441459733
7239,0.6132457802167415,0.6623688650834612
7240,0.6131951353902381,0.6623196857336031
7241,0.6131444908510157,0.6622705060964347
7242,0.6130938465990797,0.6622213261719878
7243,0.6130432026343842,0.6621721459602592
7244,0.6129925589569005,0.6621229654612955
7245,0.612941915566613,0.6620737846751235
7246,0.6128912724634926,0.6620246036017587
7247,0.6128406296475039,0.6619754222412306
7248,0.6127899871186407,0.6619262405935751
7249,0.6127393448768607,0.6618770586587994
7250,0.6126887029221454,0.661827876436943
7251,0.6126380612544668,0.6617786939280255
7252,0.6125874198738019,0.6617295111320756
7253,0.6125367787801363,0.6616803280491178
7254,0.6124861379733997,0.6616311446791633
7255,0.6124354974536277,0.6615819610222835
7256,0.6123848572207504,0.6615327770784443
7257,0.6123342172747701,0.6614835928477127
7258,0.6122835776156392,0.6614344083300895
7259,0.6122329382433477,0.6613852235256203
7260,0.6121822991578474,0.6613360384343172
7261,0.6121316603591636,0.6612868530562253
7262,0.6120810218472025,0.6612376673913217
7263,0.6120303836219972,0.6611884814396976
7264,0.6119797456834821,0.6611392952013233
7265,0.6119291080316572,0.6610901086762617
7266,0.6118784706664779,0.6610409218645159
7267,0.6118278335879457,0.6609917347661265
7268,0.6117771967960101,0.6609425473810964
7269,0.6117265602906456,0.660893359709471
7270,0.6116759240718453,0.6608441717512785
7271,0.611625288139564,0.660794983506528
7272,0.6115746524937807,0.6607457949752606
7273,0.6115240171345074,0.660696606157499
7274,0.6114733820616555,0.6606474170532342
7275,0.6114227472752435,0.6605982276625499
7276,0.6113721127752277,0.6605490379854284
7277,0.6113214785615988,0.6604998480219166
7278,0.6112708446343056,0.6604506577720217
7279,0.6112202109933426,0.6604014672357942
7280,0.6111695776386926,0.6603522764132407
7281,0.6111189445703169,0.6603030853043784
7282,0.6110683117881865,0.6602538939092458
7283,0.611017679292277,0.6602047022278713
7284,0.6109670470825806,0.6601555102602819
7285,0.6109164151590473,0.6601063180064806
7286,0.6108657835216702,0.6600571254665214
7287,0.6108151521704135,0.6600079326404096
7288,0.610764521105265,0.6599587395281814
7289,0.6107138903261694,0.6599095461298501
7290,0.6106632598331497,0.6598603524454687
7291,0.6106126296261523,0.659811158475015
7292,0.6105619997051395,0.659761964218545
7293,0.6105113700701057,0.6597127696760906
7294,0.6104607407210155,0.6596635748476644
7295,0.6104101116578712,0.6596143797332962
7296,0.610359482880617,0.6595651843329886
7297,0.6103088543892152,0.6595159886467932
7298,0.610258226183688,0.6594667926747486
7299,0.6102075982639772,0.6594175964168353
7300,0.6101569706300511,0.6593683998731068
7301,0.6101063432819146,0.6593192030436003
7302,0.6100557162195309,0.6592700059283063
7303,0.6100050894428709,0.6592208085272655
7304,0.6099544629519057,0.6591716108405022
7305,0.6099038367466144,0.6591224128680496
7306,0.609853210826976,0.659073214609927
7307,0.6098025851929648,0.6590240160661556
7308,0.6097519598445381,0.658974817236759
7309,0.6097013347817012,0.6589256181217824
7310,0.6096507100044192,0.658876418721221
7311,0.6096000855126551,0.6588272190351095
7312,0.6095494613063841,0.6587780190634819
7313,0.6094988373856043,0.6587288188063651
7314,0.6094482137502644,0.6586796182637613
7315,0.6093975904003563,0.658630417435722
7316,0.6093469673358503,0.6585812163222554
7317,0.6092963445567134,0.6585320149233894
7318,0.6092457220629375,0.6584828132391574
7319,0.6091950998544821,0.6584336112695717
7320,0.6091444779313203,0.6583844090146649
7321,0.6090938562934617,0.6583352064744703
7322,0.6090432349408386,0.6582860036489772
7323,0.6089926138734629,0.6582368005382508
7324,0.6089419930912664,0.6581875971422838
7325,0.6088913725942704,0.6581383934611387
7326,0.6088407523824074,0.6580891894947984
7327,0.6087901324556981,0.6580399852433277
7328,0.6087395128140722,0.6579907807067067
7329,0.6086888934575443,0.6579415758850085
7330,0.608638274386064,0.6578923707782152
7331,0.6085876555996202,0.657843165386377
7332,0.6085370370981715,0.6577939597095077
7333,0.6084864188817073,0.6577447537476455
7334,0.6084358009502284,0.6576955475008031
7335,0.6083851833036511,0.6576463409689799
7336,0.6083345659420032,0.657597134152259
7337,0.6082839488652299,0.6575479270506122
7338,0.6082333320732997,0.6574987196640945
7339,0.6081827155662332,0.6574495119927366
7340,0.6081320993439723,0.6574003040365213
7341,0.6080814834064998,0.6573510957955007
7342,0.6080308677537636,0.6573018872696983
7343,0.6079802523857885,0.6572526784591617
7344,0.6079296373025399,0.6572034693638691
7345,0.607879022503959,0.6571542599838537
7346,0.6078284079900407,0.6571050503191735
7347,0.6077777937607621,0.6570558403698346
7348,0.6077271798161116,0.6570066301358606
7349,0.6076765661560541,0.6569574196172616
7350,0.607625952780552,0.6569082088140744
7351,0.6075753396895918,0.6568589977263346
7352,0.6075247268831648,0.6568097863540565
7353,0.6074741143612306,0.6567605746972498
7354,0.6074235021237614,0.6567113627559543
7355,0.6073728901707333,0.6566621505301962
7356,0.607322278502131,0.656612938020002
7357,0.6072716671179255,0.6565637252253855
7358,0.6072210560180897,0.6565145121463764
7359,0.6071704452026165,0.6564652987829993
7360,0.6071198346714668,0.6564160851352645
7361,0.607069224424592,0.656366871203212
7362,0.6070186144620168,0.6563176569868852
7363,0.6069680047836797,0.6562684424862648
7364,0.606917395389579,0.6562192277014087
7365,0.6068667862796964,0.6561700126323213
7366,0.6068161774539703,0.6561207972790184
7367,0.6067655689124103,0.6560715816415633
7368,0.6067149606549818,0.6560223657199468
7369,0.6066643526816361,0.6559731495142012
7370,0.6066137449924074,0.6559239330243748
7371,0.6065631375872281,0.6558747162504375
7372,0.6065125304660796,0.6558254991924537
7373,0.6064619236289489,0.6557762818504436
7374,0.6064113170758049,0.6557270642244187
7375,0.6063607108066232,0.6556778463144115
7376,0.6063101048213814,0.6556286281204459
7377,0.6062594991200466,0.6555794096425446
7378,0.6062088937026135,0.6555301908807374
7379,0.6061582885690303,0.6554809718350343
7380,0.6061076837193123,0.6554317525054847
7381,0.6060570791534033,0.6553825328920733
7382,0.6060064748712909,0.6553333129948579
7383,0.6059558708729478,0.6552840928138475
7384,0.6059052671583512,0.6552348723490722
7385,0.6058546637274798,0.6551856516005556
7386,0.6058040605803117,0.6551364305683152
7387,0.6057534577168022,0.6550872092523764
7388,0.605702855136977,0.655037987652783
7389,0.6056522528407569,0.6549887657695092
7390,0.6056016508281564,0.6549395436026333
7391,0.6055510490991196,0.6548903211521415
7392,0.6055004476536467,0.6548410984180899
7393,0.6054498464917173,0.6547918754004779
7394,0.6053992456132788,0.6547426520993258
7395,0.6053486450183397,0.6546934285146859
7396,0.6052980447068562,0.6546442046465526
7397,0.6052474446788146,0.6545949804949655
7398,0.6051968449341815,0.654545756059941
7399,0.6051462454729517,0.6544965313415119
7400,0.6050956462950715,0.6544473063396825
7401,0.6050450474005507,0.6543980810545076
7402,0.6049944487893304,0.6543488554859758
7403,0.6049438504614219,0.6542996296341486
7404,0.6048932524167667,0.6542504034990124
7405,0.6048426546553854,0.654201177080626
7406,0.6047920571772124,0.6541519503789717
7407,0.6047414599822506,0.6541027233941104
7408,0.6046908630704636,0.654053496126043
7409,0.6046402664418192,0.6540042685748038
7410,0.6045896700963309,0.6539550407404253
7411,0.6045390740339138,0.6539058126228958
7412,0.6044884782546103,0.6538565842222969
7413,0.6044378827583557,0.653807355538589
7414,0.6043872875451399,0.6537581265718352
7415,0.6043366926149274,0.6537088973220468
7416,0.6042860979677228,0.6536596677892577
7417,0.604235503603465,0.653610437973466
7418,0.604184909522173,0.6535612078747297
7419,0.6041343157237723,0.6535119774930338
7420,0.6040837222082773,0.6534627468284475
7421,0.6040331289756566,0.6534135158809595
7422,0.6039825360258917,0.653364284650602
7423,0.6039319433589375,0.6533150531373926
7424,0.6038813509747908,0.6532658213413736
7425,0.603830758873415,0.6532165892625531
7426,0.6037801670548095,0.6531673569009628
7427,0.6037295755189379,0.6531181242566084
7428,0.6036789842657578,0.6530688913295228
7429,0.6036283932952585,0.653019658119749
7430,0.6035778026074451,0.6529704246272978
7431,0.6035272122022592,0.6529211908521662
7432,0.6034766220796877,0.6528719567944085
7433,0.6034260322396945,0.6528227224540404
7434,0.6033754426822818,0.6527734878310978
7435,0.6033248534074204,0.6527242529255788
7436,0.6032742644150801,0.6526750177375112
7437,0.6032236757052267,0.6526257822669275
7438,0.6031730872778646,0.6525765465138595
7439,0.6031224991329347,0.652527310478304
7440,0.6030719112704424,0.6524780741603189
7441,0.6030213236903637,0.6524288375599006
7442,0.6029707363926574,0.6523796006770735
7443,0.6029201493773082,0.6523303635118755
7444,0.60286956264431,0.6522811260643244
7445,0.6028189761936152,0.652231888334426
7446,0.6027683900252062,0.6521826503222292
7447,0.602717804139076,0.6521334120277489
7448,0.6026672185351741,0.6520841734509937
7449,0.602616633213496,0.6520349345920129
7450,0.602566048174034,0.651985695450812
7451,0.602515463416729,0.6519364560274005
7452,0.6024648789415812,0.6518872163218331
7453,0.6024142947485617,0.6518379763341123
7454,0.6023637108376305,0.6517887360642687
7455,0.6023131272088011,0.6517394955123381
7456,0.6022625438620279,0.6516902546783112
7457,0.6022119607972845,0.6516410135622298
7458,0.6021613780145744,0.6515917721641236
7459,0.6021107955138393,0.6515425304839875
7460,0.6020602132950768,0.6514932885218797
7461,0.6020096313582564,0.6514440462778026
7462,0.6019590497033444,0.6513948037517865
7463,0.6019084683303451,0.6513455609438665
7464,0.6018578872392053,0.6512963178540372
7465,0.6018073064299387,0.6512470744823506
7466,0.6017567259025001,0.6511978308287953
7467,0.6017061456568551,0.6511485868934159
7468,0.6016555656929953,0.6510993426762458
7469,0.6016049860109014,0.6510500981772944
7470,0.601554406610553,0.6510008533965796
7471,0.6015038274919118,0.650951608334124
7472,0.6014532486549635,0.650902362989965
7473,0.6014026700996873,0.6508531173641143
7474,0.6013520918260569,0.6508038714565973
7475,0.6013015138340441,0.650754625267437
7476,0.6012509361236593,0.6507053787966638
7477,0.6012003586948331,0.6506561320442666
7478,0.6011497815475522,0.6506068850103106
7479,0.6010992046818245,0.6505576376948162
7480,0.6010486280976007,0.650508390097772
7481,0.6009980517948648,0.6504591422192256
7482,0.6009474757735815,0.6504098940591954
7483,0.6008969000337584,0.6503606456177153
7484,0.6008463245753539,0.6503113968947809
7485,0.6007957493983419,0.6502621478904288
7486,0.6007451745026974,0.6502128986046891
7487,0.6006945998884229,0.6501636490375843
7488,0.6006440255554453,0.650114399189115
7489,0.6005934515038048,0.6500651490593494
7490,0.6005428777334354,0.6500158986482538
7491,0.6004923042443238,0.6499666479558875
7492,0.6004417310364617,0.6499173969822685
7493,0.600391158109814,0.6498681457274024
7494,0.6003405854643624,0.649818894191327
7495,0.6002900131000662,0.6497696423740562
7496,0.6002394410169359,0.6497203902756348
7497,0.600188869214918,0.6496711378960522
7498,0.6001382976940233,0.6496218852353594
7499,0.6000877264541878,0.6495726322935474
7500,0.6000371554954247,0.6495233790706784
7501,0.5999865848176883,0.6494741255667429
7502,0.5999360144209757,0.6494248717817801
7503,0.599885444305251,0.6493756177158001
7504,0.5998348744704871,0.6493263633688362
7505,0.5997843049166799,0.649277108740913
7506,0.5997337356437984,0.6492278538320371
7507,0.5996831666518038,0.6491785986422385
7508,0.5996325979407001,0.6491293431715571
7509,0.5995820295104514,0.6490800874199887
7510,0.5995314613610355,0.6490308313875679
7511,0.5994808934924453,0.6489815750743176
7512,0.5994303259046188,0.6489323184802458
7513,0.5993797585975777,0.6488830616054122
7514,0.5993291915712754,0.6488338044497992
7515,0.5992786248257067,0.6487845470134483
7516,0.5992280583608144,0.6487352892963689
7517,0.5991774921766219,0.6486860312986151
7518,0.5991269262730791,0.6486367730201665
7519,0.5990763606501773,0.6485875144610697
7520,0.5990257953078747,0.6485382556213379
7521,0.5989752302461644,0.6484889965010074
7522,0.5989246654650334,0.6484397371000904
7523,0.5988741009644203,0.6483904774185956
7524,0.5988235367443496,0.6483412174565863
7525,0.5987729728047745,0.6482919572140391
7526,0.5987224091456931,0.6482426966909989
7527,0.5986718457670469,0.6481934358874688
7528,0.5986212826688353,0.648144174803508
7529,0.5985707198510409,0.6480949134391147
7530,0.5985201573136327,0.6480456517943073
7531,0.5984695950566082,0.6479963898691172
7532,0.5984190330799232,0.6479471276635468
7533,0.59836847138355,0.6478978651776411
7534,0.5983179099674786,0.6478486024114269
7535,0.5982673488316986,0.6477993393649129
7536,0.5982167879761604,0.6477500760381123
7537,0.5981662274008734,0.6477008124310732
7538,0.5981156671057908,0.6476515485437866
7539,0.5980651070909094,0.6476022843762974
7540,0.5980145473561852,0.647553019928611
7541,0.5979639879016098,0.6475037552007705
7542,0.5979134287271594,0.6474544901927843
7543,0.5978628698328136,0.6474052249046788
7544,0.5978123112185575,0.6473559593364693
7545,0.5977617528843602,0.647306693488175
7546,0.5977111948301718,0.647257427359825
7547,0.5976606370560249,0.6472081609514679
7548,0.5976100795618715,0.6471588942630747
7549,0.5975595223476766,0.6471096272946906
7550,0.597508965413444,0.6470603600463494
7551,0.5974584087591447,0.6470110925180524
7552,0.5974078523847292,0.6469618247098246
7553,0.5973572962902189,0.6469125566217164
7554,0.5973067404755592,0.6468632882537038
7555,0.5972561849407522,0.646814019605847
7556,0.5972056296857504,0.6467647506781398
7557,0.5971550747105456,0.646715481470631
7558,0.5971045200151185,0.646666211983328
7559,0.5970539655994345,0.6466169422162504
7560,0.5970034114635038,0.6465676721694325
7561,0.596952857607273,0.6465184018428662
7562,0.5969023040307257,0.6464691312366025
7563,0.5968517507338523,0.6464198603506589
7564,0.5968011977166165,0.6463705891850451
7565,0.5967506449790171,0.6463213177397951
7566,0.5967000925209983,0.6462720460149157
7567,0.5966495403425756,0.6462227740104547
7568,0.5965989884436936,0.6461735017264043
7569,0.596548436824356,0.6461242291628131
7570,0.5964978854845504,0.6460749563196833
7571,0.5964473344242055,0.6460256831970237
7572,0.5963967836433605,0.6459764097949077
7573,0.5963462331419507,0.6459271361132946
7574,0.5962956829199764,0.6458778621522486
7575,0.5962451329773878,0.6458285879117721
7576,0.5961945833141998,0.6457793133919127
7577,0.5961440339303729,0.6457300385926542
7578,0.5960934848259033,0.6456807635140396
7579,0.59604293600073,0.6456314881560714
7580,0.595992387454865,0.6455822125188093
7581,0.5959418391882713,0.6455329366022426
7582,0.5958912912009464,0.6454836604064083
7583,0.5958407434928428,0.6454343839313075
7584,0.5957901960639537,0.6453851071769876
7585,0.5957396489142575,0.6453358301434586
7586,0.5956891020437308,0.6452865528307384
7587,0.5956385554523671,0.6452372752388522
7588,0.5955880091401017,0.6451879973678079
7589,0.5955374631069662,0.645138719217667
7590,0.5954869173528957,0.6450894407884007
7591,0.5954363718778967,0.6450401620800708
7592,0.5953858266819477,0.6449908830926745
7593,0.5953352817650002,0.6449416038262307
7594,0.5952847371270643,0.6448923242807875
7595,0.5952341927681041,0.6448430444563373
7596,0.5951836486880911,0.6447937643529141
7597,0.59513310488702,0.6447444839705468
7598,0.5950825613648613,0.644695203309242
7599,0.5950320181215852,0.6446459223690262
7600,0.5949814751571787,0.6445966411499323
7601,0.5949309324716382,0.6445473596519716
7602,0.5948803900649053,0.6444980778751483
7603,0.5948298479369872,0.6444487958195211
7604,0.5947793060878604,0.6443995134850806
7605,0.5947287645174822,0.6443502308718542
7606,0.5946782232258682,0.6443009479798809
7607,0.5946276822129579,0.6442516648091465
7608,0.5945771414787581,0.644202381359713
7609,0.5945266010232326,0.6441530976315718
7610,0.5944760608463636,0.6441038136247574
7611,0.5944255209481344,0.6440545293392927
7612,0.5943749813285298,0.644005244775189
7613,0.594324441987509,0.6439559599324665
7614,0.5942739029250623,0.6439066748111626
7615,0.5942233641411651,0.643857389411287
7616,0.5941728256358036,0.6438081037328645
7617,0.5941222874089346,0.6437588177759097
7618,0.5940717494605725,0.6437095315404655
7619,0.594021211790682,0.6436602450265192
7620,0.5939706743992386,0.6436109582341037
7621,0.593920137286201,0.6435616711632446
7622,0.5938696004515751,0.6435123838139807
7623,0.5938190638953409,0.6434630961863116
7624,0.5937685276174642,0.6434138082802511
7625,0.593717991617943,0.6433645200958371
7626,0.5936674558967223,0.6433152316330717
7627,0.5936169204538143,0.6432659428920089
7628,0.5935663852891868,0.643216653872636
7629,0.5935158504027868,0.6431673645749849
7630,0.5934653157946514,0.6431180749991112
7631,0.5934147814647281,0.6430687851449743
7632,0.5933642474129956,0.6430194950126298
7633,0.5933137136394365,0.6429702046020975
7634,0.5932631801440303,0.6429209139133948
7635,0.5932126469267696,0.6428716229465425
7636,0.5931621139876009,0.6428223317015481
7637,0.5931115813265379,0.6427730401784639
7638,0.5930610489435304,0.6427237483772786
7639,0.5930105168385797,0.6426744562980387
7640,0.5929599850116493,0.6426251639407472
7641,0.5929094534627305,0.642575871305437
7642,0.5928589221917938,0.64252657839212
7643,0.59280839119882,0.642477285200822
7644,0.5927578604838004,0.6424279917315663
7645,0.5927073300466975,0.6423786979843575
7646,0.592656799887499,0.6423294039592378
7647,0.5926062700061854,0.6422801096562145
7648,0.5925557404027215,0.6422308150753104
7649,0.5925052110771036,0.642181520216559
7650,0.5924546820293044,0.6421322250799649
7651,0.5924041532593078,0.6420829296655551
7652,0.5923536247670899,0.6420336339733455
7653,0.5923030965526406,0.641984338003363
7654,0.5922525686159171,0.6419350417556121
7655,0.5922020409569125,0.6418857452301403
7656,0.5921515135755925,0.6418364484269514
7657,0.592100986471952,0.6417871513460811
7658,0.5920504596459846,0.6417378539875345
7659,0.5919999330976258,0.6416885563513187
7660,0.5919494068268982,0.6416392584374966
7661,0.5918988808337534,0.6415899602460478
7662,0.5918483551181665,0.641540661777018
7663,0.5917978296801605,0.6414913630304326
7664,0.5917473045196637,0.6414420640062704
7665,0.5916967796366722,0.6413927647046029
7666,0.5916462550312076,0.6413434651254313
7667,0.5915957307031762,0.6412941652687382
7668,0.5915452066526022,0.6412448651346132
7669,0.5914946828794572,0.6411955647230332
7670,0.5914441593837289,0.6411462640340295
7671,0.5913936361653653,0.641096963067611
7672,0.5913431132244062,0.6410476618238312
7673,0.5912925905607557,0.6409983603026509
7674,0.5912420681744489,0.6409490585041635
7675,0.5911915460654431,0.6408997564283354
7676,0.5911410242337194,0.64085045407521
7677,0.591090502679262,0.6408011514448051
7678,0.5910399814020546,0.6407518485371381
7679,0.5909894604020559,0.6407025453522235
7680,0.5909389396792717,0.6406532418901023
7681,0.5908884192336707,0.6406039381507702
7682,0.5908378990652308,0.6405546341342595
7683,0.5907873791739295,0.6405053298405894
7684,0.5907368595597485,0.6404560252697828
7685,0.5906863402226786,0.6404067204218612
7686,0.5906358211626765,0.6403574152968303
7687,0.5905853023797556,0.6403081098947351
7688,0.5905347838738463,0.6402588042155604
7689,0.590484265644985,0.6402094982593778
7690,0.5904337476931032,0.6401601920261508
7691,0.5903832300182129,0.6401108855159467
7692,0.5903327126202658,0.6400615787287558
7693,0.5902821954992765,0.6400122716646233
7694,0.5902316786551991,0.6399629643235374
7695,0.590181162088014,0.6399136567055405
7696,0.5901306457977201,0.6398643488106548
7697,0.5900801297842854,0.6398150406388818
7698,0.5900296140476748,0.6397657321902523
7699,0.5899790985878949,0.6397164234648014
7700,0.5899285834048958,0.639667114462524
7701,0.5898780684986942,0.6396178051834658
7702,0.5898275538692361,0.639568495627616
7703,0.5897770395165236,0.6395191857950249
7704,0.5897265254405206,0.6394698756856911
7705,0.5896760116412222,0.6394205652996512
7706,0.5896254981186085,0.6393712546369099
7707,0.589574984872628,0.6393219436974868
7708,0.5895244719032986,0.6392726324814316
7709,0.5894739592105833,0.6392233209887297
7710,0.5894234467944716,0.6391740092194178
7711,0.5893729346549257,0.6391246971735036
7712,0.5893224227919418,0.6390753848510276
7713,0.5892719112055033,0.6390260722519933
7714,0.5892213998955685,0.6389767593764155
7715,0.5891708888621363,0.6389274462243351
7716,0.5891203781051723,0.6388781327957587
7717,0.5890698676246647,0.6388288190907141
7718,0.5890193574205953,0.6387795051092184
7719,0.5889688474929449,0.6387301908512865
7720,0.5889183378416988,0.638680876316938
7721,0.5888678284668253,0.6386315615061888
7722,0.5888173193683102,0.6385822464190707
7723,0.5887668105461322,0.6385329310555949
7724,0.5887163020002655,0.6384836154157865
7725,0.58866579373069,0.6384342994996701
7726,0.588615285737415,0.6383849833072652
7727,0.5885647780203809,0.6383356668385628
7728,0.5885142705795876,0.6382863500936218
7729,0.5884637634150164,0.6382370330724436
7730,0.5884132565266262,0.6381877157750477
7731,0.5883627499144306,0.6381383982014718
7732,0.5883122435783968,0.6380890803517043
7733,0.5882617375184976,0.6380397622257772
7734,0.5882112317347019,0.6379904438237212
7735,0.5881607262270193,0.6379411251455622
7736,0.5881102209954077,0.6378918061912922
7737,0.5880597160398706,0.6378424869609567
7738,0.5880092113603672,0.637793167454549
7739,0.5879587069568689,0.6377438476721107
7740,0.587908202829378,0.6376945276136702
7741,0.5878576989778811,0.6376452072792237
7742,0.5878071954023352,0.637595886668787
7743,0.5877566921027281,0.6375465657824037
7744,0.5877061890790448,0.637497244620084
7745,0.5876556863312697,0.6374479231818418
7746,0.5876051838593698,0.6373986014676949
7747,0.5875546816633362,0.6373492794776764
7748,0.5875041797431376,0.6372999572117941
7749,0.5874536780987751,0.6372506346700803
7750,0.5874031767302118,0.6372013118525326
7751,0.5873526756374297,0.6371519887591885
7752,0.5873021748204154,0.6371026653900669
7753,0.5872516742791376,0.6370533417451814
7754,0.587201174013592,0.6370040178245593
7755,0.5871506740237418,0.6369546936282102
7756,0.5871001743095999,0.6369053691561671
7757,0.5870496748711108,0.6368560444084188
7758,0.5869991757082721,0.6368067193850223
7759,0.5869486768210601,0.636757394085977
7760,0.5868981782094547,0.6367080685113087
7761,0.5868476798734391,0.6366587426610356
7762,0.5867971818129876,0.6366094165351768
7763,0.5867466840280932,0.6365600901337565
7764,0.5866961865187192,0.6365107634567805
7765,0.5866456892848727,0.6364614365042879
7766,0.5865951923265118,0.636412109276272
7767,0.5865446956436121,0.636362781772772
7768,0.5864941992361677,0.6363134539938132
7769,0.5864437031041688,0.6362641259394022
7770,0.5863932072475712,0.6362147976095498
7771,0.586342711666374,0.636165469004299
7772,0.5862922163605472,0.6361161401236487
7773,0.5862417213300788,0.6360668109676331
7774,0.586191226574955,0.6360174815362606
7775,0.5861407320951437,0.6359681518295466
7776,0.5860902378906269,0.6359188218475238
7777,0.5860397439613957,0.6358694915902088
7778,0.5859892503074113,0.6358201610576109
7779,0.5859387569286743,0.6357708302497694
7780,0.5858882638251491,0.635721499166682
7781,0.5858377709968302,0.6356721678083866
7782,0.5857872784437108,0.6356228361748879
7783,0.5857367861657268,0.6355735042661931
7784,0.5856862941629002,0.6355241720823641
7785,0.5856358024352015,0.635474839623382
7786,0.5855853109826018,0.635425506889274
7787,0.5855348198050936,0.6353761738800714
7788,0.585484328902648,0.635326840595779
7789,0.5854338382752488,0.6352775070364267
7790,0.5853833479228728,0.6352281732020313
7791,0.5853328578455205,0.6351788390926147
7792,0.5852823680431457,0.6351295047081782
7793,0.5852318785157389,0.6350801700487668
7794,0.585181389263293,0.6350308351143898
7795,0.5851309002857807,0.6349814999050551
7796,0.5850804115831812,0.6349321644207894
7797,0.5850299231554688,0.6348828286616153
7798,0.5849794350026396,0.6348334926275538
7799,0.5849289471246629,0.6347841563186142
7800,0.5848784595215225,0.6347348197348229
7801,0.5848279721932034,0.6346854828762004
7802,0.5847774851396903,0.6346361457427582
7803,0.5847269983609503,0.6345868083345138
7804,0.5846765118569567,0.6345374706514978
7805,0.5846260256277326,0.6344881326937395
7806,0.5845755396732202,0.6344387944612133
7807,0.5845250539934087,0.6343894559539797
7808,0.5844745685882763,0.6343401171720464
7809,0.5844240834578227,0.6342907781154368
7810,0.584373598602005,0.6342414387841528
7811,0.5843231140208335,0.6341920991782337
7812,0.5842726297142464,0.6341427592976734
7813,0.5842221456822693,0.6340934191425306
7814,0.5841716619248616,0.6340440787127797
7815,0.5841211784419984,0.6339947380084627
7816,0.5840706952336746,0.6339453970296041
7817,0.5840202122998582,0.6338960557762081
7818,0.5839697296405546,0.6338467142483092
7819,0.5839192472557061,0.633797372445901
7820,0.5838687651453411,0.6337480303690379
7821,0.583818283309403,0.6336986880176944
7822,0.5837678017478877,0.6336493453919281
7823,0.5837173204607617,0.6336000024917403
7824,0.5836668394480429,0.6335506593171671
7825,0.583616358709658,0.6335013158681895
7826,0.5835658782456421,0.6334519721448799
7827,0.583515398055944,0.6334026281472052
7828,0.5834649181405445,0.6333532838752151
7829,0.5834144384994557,0.6333039393289284
7830,0.5833639591326293,0.6332545945083332
7831,0.5833134800400425,0.6332052494134803
7832,0.5832630012217096,0.6331559040443893
7833,0.5832125226775638,0.6331065584010487
7834,0.5831620444076341,0.6330572124835212
7835,0.5831115664118842,0.633007866291782
7836,0.5830610886902818,0.6329585198258668
7837,0.5830106112428204,0.6329091730858039
7838,0.5829601340694907,0.632859826071605
7839,0.582909657170253,0.6328104787832762
7840,0.5828591805450931,0.6327611312208585
7841,0.5828087041940082,0.6327117833843661
7842,0.5827582281169523,0.6326624352738
7843,0.5827077523139572,0.6326130868892086
7844,0.5826572767849518,0.6325637382305604
7845,0.58260680152993,0.6325143892979235
7846,0.5825563265489027,0.6324650400913063
7847,0.5825058518418127,0.6324156906106981
7848,0.582455377408651,0.6323663408561536
7849,0.5824049032494181,0.6323169908276836
7850,0.5823544293640808,0.6322676405252892
7851,0.5823039557526382,0.6322182899490011
7852,0.582253482415026,0.6321689390988217
7853,0.5822030093512817,0.632119587974812
7854,0.5821525365613478,0.6320702365769404
7855,0.5821020640452278,0.6320208849052601
7856,0.5820515918028899,0.631971532959767
7857,0.5820011198343195,0.6319221807404962
7858,0.5819506481395031,0.6318728282474608
7859,0.5819001767184101,0.6318234754806725
7860,0.5818497055710448,0.6317741224401654
7861,0.5817992346973666,0.6317247691259318
7862,0.5817487640973503,0.6316754155380142
7863,0.5816982937710206,0.6316260616764369
7864,0.5816478237183246,0.6315767075411766
7865,0.5815973539392406,0.631527353132286
7866,0.5815468844337456,0.6314779984497851
7867,0.5814964152018491,0.6314286434936975
7868,0.5814459462435276,0.6313792882640155
7869,0.5813954775587524,0.6313299327607587
7870,0.5813450091475022,0.6312805769839602
7871,0.5812945410097567,0.6312312209336386
7872,0.5812440731455173,0.631181864609816
7873,0.5811936055547372,0.6311325080124891
7874,0.5811431382374288,0.6310831511417045
7875,0.5810926711935586,0.6310337939974546
7876,0.5810422044231084,0.6309844365797659
7877,0.5809917379260537,0.6309350788886612
7878,0.5809412717023904,0.6308857209241621
7879,0.5808908057520755,0.6308363626862763
7880,0.5808403400751215,0.630787004175042
7881,0.5807898746714962,0.6307376453904522
7882,0.5807394095411685,0.6306882863325363
7883,0.5806889446841655,0.6306389270013237
7884,0.5806384801004105,0.6305895673967905
7885,0.5805880157899177,0.630540207519011
7886,0.5805375517526609,0.6304908473679721
7887,0.5804870879886361,0.6304414869437003
7888,0.5804366244977982,0.6303921262461989
7889,0.5803861612801505,0.6303427652755142
7890,0.5803356983356802,0.6302934040316402
7891,0.5802852356643211,0.6302440425145928
7892,0.5802347732661123,0.6301946807244359
7893,0.5801843111410316,0.6301453186611308
7894,0.5801338492890422,0.6300959563247022
7895,0.5800833877101114,0.6300465937151838
7896,0.5800329264042448,0.6299972308326103
7897,0.5799824653714191,0.6299478676769743
7898,0.579932004611608,0.6298985042482996
7899,0.5798815441248169,0.6298491405466136
7900,0.5798310839110017,0.6297997765719094
7901,0.5797806239701563,0.6297504123242328
7902,0.5797301643022501,0.6297010478035906
7903,0.5796797049072878,0.6296516830100085
7904,0.5796292457852338,0.6296023179434878
7905,0.5795787869360662,0.6295529526040597
7906,0.5795283283597884,0.6295035869917482
7907,0.5794778700563639,0.6294542211065514
7908,0.5794274120257914,0.6294048549485015
7909,0.5793769542680388,0.6293554885176023
7910,0.5793264967830769,0.6293061218138877
7911,0.5792760395709244,0.6292567548373826
7912,0.579225582631527,0.629207387588073
7913,0.5791751259649065,0.6291580200660092
7914,0.5791246695710017,0.6291086522711729
7915,0.5790742134498156,0.6290592842036213
7916,0.5790237576013246,0.6290099158633562
7917,0.5789733020255199,0.6289605472503959
7918,0.5789228467223873,0.628911178364753
7919,0.5788723916918908,0.6288618092064399
7920,0.5788219369340135,0.628812439775494
7921,0.578771482448761,0.6287630700719318
7922,0.5787210282360972,0.6287137000957478
7923,0.578670574296005,0.6286643298469756
7924,0.5786201206284687,0.6286149593256369
7925,0.5785696672334666,0.6285655885317425
7926,0.5785192141110068,0.628516217465318
7927,0.5784687612610403,0.6284668461263541
7928,0.5784183086835446,0.6284174745148989
7929,0.5783678563785405,0.6283681026309755
7930,0.5783174043459659,0.6283187304745628
7931,0.5782669525858383,0.628269358045723
7932,0.5782165010981248,0.628219985344439
7933,0.5781660498828083,0.6281706123707448
7934,0.5781155989398664,0.6281212391246552
7935,0.5780651482692926,0.6280718656061921
7936,0.5780146978710576,0.6280224918153655
7937,0.5779642477451491,0.6279731177522019
7938,0.5779137978915626,0.6279237434167126
7939,0.5778633483102612,0.6278743688089063
7940,0.5778128990012324,0.6278249939288174
7941,0.5777624499644564,0.6277756187764573
7942,0.5777120011999373,0.6277262433518477
7943,0.5776615527076292,0.6276768676549823
7944,0.577611104487512,0.6276274916859104
7945,0.5775606565395944,0.6275781154446491
7946,0.5775102088638522,0.6275287389311912
7947,0.5774597614602361,0.6274793621455599
7948,0.5774093143287844,0.6274299850878056
7949,0.5773588674694429,0.6273806077578896
7950,0.5773084208821834,0.6273312301558658
7951,0.5772579745670222,0.6272818522817611
7952,0.5772075285239068,0.6272324741355615
7953,0.5771570827528543,0.62718309571732
7954,0.5771066372538349,0.6271337170270168
7955,0.5770561920268278,0.6270843380646834
7956,0.5770057470718108,0.6270349588303397
7957,0.5769553023887729,0.6269855793240087
7958,0.5769048579776936,0.6269361995457012
7959,0.5768544138385567,0.6268868194954376
7960,0.5768039699713368,0.6268374391732336
7961,0.5767535263760343,0.6267880585791159
7962,0.5767030830526195,0.6267386777130832
7963,0.57665264000108,0.6266892965751666
7964,0.5766021972213946,0.6266399151653753
7965,0.5765517547135469,0.6265905334837318
7966,0.5765013124775255,0.6265411515302542
7967,0.5764508705133078,0.6264917693049534
7968,0.5764004288208635,0.6264423868078516
7969,0.5763499874002005,0.6263930040389774
7970,0.5762995462512988,0.6263436209983237
7971,0.5762491053741112,0.626294237685914
7972,0.5761986647686471,0.6262448541017909
7973,0.5761482244348914,0.6261954702459467
7974,0.5760977843728112,0.6261460861183987
7975,0.5760473445823877,0.6260967017191748
7976,0.5759969050636403,0.6260473170482976
7977,0.5759464658165089,0.6259979321057476
7978,0.5758960268409943,0.625948546891583
7979,0.5758455881370808,0.6258991614058043
7980,0.575795149704722,0.6258497756484279
7981,0.5757447115439593,0.6258003896194984
7982,0.5756942736547364,0.6257510033189758
7983,0.5756438360370199,0.6257016167469155
7984,0.575593398690831,0.6256522299033518
7985,0.5755429616161593,0.6256028427882616
7986,0.5754925248129177,0.6255534554016584
7987,0.5754420882811679,0.6255040677436273
7988,0.5753916520208514,0.6254546798141067
7989,0.5753412160319699,0.6254052916131546
7990,0.575290780314488,0.6253559031407709
7991,0.5752403448683957,0.6253065143969885
7992,0.5751899096936809,0.6252571253818207
7993,0.5751394747903206,0.6252077360952766
7994,0.5750890401583056,0.6251583465373811
7995,0.575038605797623,0.6251089567081418
7996,0.5749881717082513,0.6250595666075731
7997,0.5749377378901573,0.6250101762356969
7998,0.5748873043433422,0.6249607855925458
7999,0.5748368710677711,0.6249113946781162
8000,0.5747864380634469,0.6248620034924448
8001,0.5747360053303411,0.6248126120355306
8002,0.5746855728684387,0.6247632203074005
8003,0.5746351406777351,0.6247138283080688
8004,0.5745847087581969,0.624664436037541
8005,0.5745342771098272,0.6246150434958502
8006,0.5744838457325685,0.6245656506829929
8007,0.5744334146264525,0.6245162575990286
8008,0.57438298379143,0.6244668642439217
8009,0.5743325532275034,0.624417470617725
8010,0.5742821229346445,0.6243680767204345
8011,0.5742316929128154,0.6243186825520797
8012,0.5741812631620525,0.624269288112695
8013,0.574130833682301,0.6242198934022487
8014,0.574080404473544,0.6241704984207933
8015,0.5740299755357885,0.6241211031683462
8016,0.5739795468689797,0.6240717076448992
8017,0.5739291184731555,0.6240223118505076
8018,0.5738786903482348,0.6239729157851335
8019,0.5738282624942433,0.6239235194488596
8020,0.573777834911171,0.6238741228416572
8021,0.5737274075989571,0.6238247259635403
8022,0.573676980557621,0.623775328814566
8023,0.573626553787152,0.6237259313947159
8024,0.573576127287509,0.6236765337040018
8025,0.5735257010586842,0.6236271357424639
8026,0.5734752751006603,0.6235777375101101
8027,0.5734248494134162,0.6235283390069579
8028,0.5733744239969439,0.6234789402330281
8029,0.5733239988512312,0.6234295411883297
8030,0.5732735739762458,0.6233801418728733
8031,0.5732231493719839,0.623330742286692
8032,0.5731727250384073,0.62328134242979
8033,0.5731223009755383,0.6232319423022045
8034,0.5730718771833301,0.6231825419039145
8035,0.5730214536617677,0.6231331412349645
8036,0.5729710304108486,0.6230837402953733
8037,0.5729206074305576,0.6230343390851394
8038,0.5728701847208488,0.6229849376042813
8039,0.5728197622817417,0.6229355358528423
8040,0.5727693401132067,0.6228861338308045
8041,0.5727189182152044,0.6228367315381971
8042,0.5726684965877537,0.622787328975059
8043,0.5726180752308183,0.6227379261413715
8044,0.5725676541443868,0.6226885230371706
8045,0.5725172333284428,0.6226391196624694
8046,0.5724668127829645,0.6225897160172819
8047,0.5724163925079457,0.6225403121016314
8048,0.572365972503357,0.622490907915525
8049,0.5723155527692035,0.6224415034589896
8050,0.5722651333054514,0.6223920987320211
8051,0.5722147141120717,0.6223426937346546
8052,0.5721642951890814,0.6222932884669171
8053,0.5721138765364409,0.6222438829287933
8054,0.572063458154135,0.6221944771203209
8055,0.5720130400421531,0.6221450710415166
8056,0.5719626222004619,0.6220956646923919
8057,0.5719122046290798,0.6220462580729775
8058,0.5718617873279765,0.6219968511832571
8059,0.5718113702971241,0.6219474440232597
8060,0.5717609535365148,0.6218980365930145
8061,0.5717105370461231,0.6218486288925288
8062,0.5716601208259292,0.6217992209218255
8063,0.571609704875939,0.6217498126809291
8064,0.5715592891961201,0.6217004041698295
8065,0.571508873786472,0.6216509953885632
8066,0.5714584586469595,0.6216015863371258
8067,0.5714080437775642,0.621552177015557
8068,0.5713576291782793,0.6215027674238729
8069,0.571307214849102,0.6214533575620809
8070,0.571256800790002,0.6214039474301822
8071,0.5712063870009568,0.6213545370282099
8072,0.571155973481957,0.6213051263561853
8073,0.5711055602329861,0.6212557154141161
8074,0.5710551472540354,0.6212063042020224
8075,0.5710047345450692,0.6211568927199097
8076,0.5709543221060885,0.6211074809678152
8077,0.5709039099370725,0.6210580689457372
8078,0.5708534980380052,0.621008656653696
8079,0.5708030864088685,0.6209592440917093
8080,0.5707526750496532,0.6209098312597956
8081,0.5707022639603303,0.6208604181579611
8082,0.5706518531409017,0.6208110047862361
8083,0.5706014425913182,0.6207615911446205
8084,0.5705510323116105,0.620712177233161
8085,0.5705006223017269,0.6206627630518273
8086,0.5704502125616591,0.6206133486006721
8087,0.5703998030914038,0.6205639338797044
8088,0.5703493938909344,0.6205145188889266
8089,0.5702989849602305,0.6204651036283653
8090,0.570248576299295,0.6204156880980398
8091,0.5701981679080815,0.6203662722979492
8092,0.5701477597865885,0.620316856228138
8093,0.5700973519348062,0.6202674398886099
8094,0.5700469443527222,0.6202180232793718
8095,0.5699965370403152,0.6201686064004379
8096,0.569946129997553,0.6201191892518305
8097,0.5698957232244442,0.620069771833579
8098,0.5698453167209663,0.6200203541456772
8099,0.56979491048709,0.6199709361881454
8100,0.5697445045228214,0.619921517961016
8101,0.5696940988281124,0.6198720994642803
8102,0.5696436934029778,0.619822680697989
8103,0.5695932882473858,0.6197732616621239
8104,0.5695428833613353,0.6197238423567171
8105,0.5694924787447874,0.619674422781773
8106,0.5694420743977562,0.6196250029373294
8107,0.5693916703201991,0.6195755828233697
8108,0.5693412665121063,0.6195261624399375
8109,0.5692908629734632,0.6194767417870457
8110,0.5692404597042694,0.6194273208647041
8111,0.5691900567044864,0.6193778996729167
8112,0.5691396539741067,0.6193284782117207
8113,0.5690892515131155,0.6192790564811231
8114,0.5690388493215023,0.6192296344811392
8115,0.5689884473992469,0.6191802122117802
8116,0.56893804574634,0.6191307896730655
8117,0.5688876443627439,0.6190813668650044
8118,0.5688372432484575,0.6190319437876352
8119,0.5687868424034729,0.618982520440958
8120,0.5687364418277656,0.6189330968249809
8121,0.5686860415213284,0.6188836729397282
8122,0.5686356414841258,0.6188342487852088
8123,0.5685852417161655,0.6187848243614572
8124,0.5685348422174076,0.6187353996684654
8125,0.5684844429878503,0.6186859747062723
8126,0.5684340440274748,0.6186365494748827
8127,0.5683836453362892,0.6185871239743113
8128,0.5683332469142277,0.6185376982045542
8129,0.5682828487613217,0.618488272165673
8130,0.5682324508775429,0.6184388458576403
8131,0.5681820532628558,0.6183894192804826
8132,0.568131655917267,0.6183399924342352
8133,0.568081258840745,0.6182905653188902
8134,0.5680308620332731,0.6182411379344814
8135,0.5679804654948591,0.6181917102810259
8136,0.5679300692254697,0.6181422823585133
8137,0.5678796732251095,0.6180928541669799
8138,0.567829277493719,0.6180434257064182
8139,0.567778882031325,0.6179939969768895
8140,0.5677284868378827,0.6179445679783668
8141,0.5676780919134107,0.6178951387108937
8142,0.5676276972578654,0.6178457091744531
8143,0.5675773028712385,0.6177962793690885
8144,0.5675269087534974,0.6177468492948057
8145,0.5674765149046562,0.6176974189516411
8146,0.5674261213246906,0.6176479883395782
8147,0.5673757280135899,0.6175985574586419
8148,0.5673253349713262,0.6175491263088435
8149,0.567274942197883,0.6174996948902092
8150,0.5672245496932549,0.617450263202757
8151,0.5671741574574084,0.6174008312464914
8152,0.5671237654903684,0.6173513990214472
8153,0.5670733737920667,0.6173019665275994
8154,0.5670229823625316,0.6172525337650134
8155,0.566972591201705,0.6172031007336646
8156,0.5669222003096244,0.617153667433608
8157,0.5668718096862335,0.6171042338648091
8158,0.5668214193315292,0.6170548000273223
8159,0.5667710292454996,0.6170053659211502
8160,0.566720639428125,0.6169559315463059
8161,0.5666702498794018,0.6169064969028091
8162,0.5666198605992984,0.6168570619906621
8163,0.5665694715878071,0.6168076268098988
8164,0.5665190828449037,0.6167581913605257
8165,0.566468694370591,0.6167087556425659
8166,0.5664183061648339,0.6166593196560177
8167,0.5663679182276373,0.616609883400917
8168,0.5663175305589679,0.6165604468772579
8169,0.5662671431588041,0.6165110100850726
8170,0.5662167560271585,0.6164615730243842
8171,0.5661663691639975,0.6164121356951794
8172,0.5661159825693134,0.6163626980974923
8173,0.5660655962430842,0.6163132602313299
8174,0.5660152101852981,0.6162638220967152
8175,0.5659648243959396,0.616214383693661
8176,0.5659144388749934,0.6161649450221797
8177,0.5658640536224465,0.6161155060822894
8178,0.565813668638279,0.6160660668739997
8179,0.5657632839224802,0.6160166273973352
8180,0.5657128994750322,0.6159671876523025
8181,0.5656625152959273,0.6159177476389217
8182,0.5656121313851351,0.6158683073572007
8183,0.5655617477426443,0.6158188668071674
8184,0.5655113643684542,0.6157694259888361
8185,0.5654609812625346,0.6157199849022059
8186,0.5654105984248812,0.6156705435473077
8187,0.5653602158554719,0.6156211019241449
8188,0.565309833554298,0.6155716600327397
8189,0.5652594515213268,0.6155222178731028
8190,0.5652090697565565,0.6154727754452647
8191,0.565158688259994,0.615423332749226
8192,0.5651083070315848,0.6153738897849836
8193,0.5650579260713344,0.6153244465525902
8194,0.5650075453792214,0.6152750030520381
8195,0.56495716495524,0.6152255592833521
8196,0.5649067847993766,0.6151761152465358
8197,0.5648564049115937,0.6151266709416054
8198,0.5648060252918934,0.6150772263685953
8199,0.5647556459402551,0.6150277815275039
8200,0.5647052668566832,0.6149783364183542
8201,0.5646548880411234,0.6149288910411403
8202,0.5646045094936047,0.6148794453959137
8203,0.5645541312140888,0.6148299994826512
8204,0.5645037532025589,0.6147805533013847
8205,0.5644533754590068,0.6147311068521372
8206,0.5644029979834152,0.6146816601349141
8207,0.5643526207757751,0.6146322131497306
8208,0.5643022438360493,0.614582765896599
8209,0.5642518671642649,0.6145333183755542
8210,0.5642014907603742,0.6144838705865716
8211,0.5641511146243576,0.614434422529696
8212,0.5641007387562196,0.6143849742049484
8213,0.5640503631559413,0.6143355256123255
8214,0.5639999878235022,0.6142860767518441
8215,0.5639496127589002,0.6142366276235256
8216,0.5638992379621031,0.6141871782273722
8217,0.5638488634330892,0.6141377285634161
8218,0.563798489171872,0.6140882786316779
8219,0.5637481151784325,0.6140388284321449
8220,0.5636977414527421,0.6139893779648382
8221,0.5636473679947863,0.613939927229783
8222,0.5635969948045528,0.613890476226996
8223,0.5635466218820216,0.6138410249564881
8224,0.5634962492271973,0.6137915734182802
8225,0.5634458768400336,0.6137421216123679
8226,0.56339550472056,0.6136926695387959
8227,0.5633451328687247,0.6136432171975372
8228,0.5632947612845368,0.6135937645886408
8229,0.5632443899679572,0.6135443117120998
8230,0.5631940189189818,0.613494858567953
8231,0.5631436481376085,0.6134454051562028
8232,0.5630932776238085,0.6133959514768546
8233,0.5630429073775656,0.6133464975299332
8234,0.5629925373988711,0.6132970433154572
8235,0.5629421676877177,0.6132475888334346
8236,0.5628917982440819,0.613198134083874
8237,0.562841429067946,0.6131486790667975
8238,0.5627910601592983,0.6130992237822223
8239,0.5627406915181281,0.6130497682301621
8240,0.5626903231444063,0.6130003124106251
8241,0.5626399550381374,0.6129508563236434
8242,0.5625895871993161,0.6129013999692081
8243,0.5625392196278886,0.6128519433473307
8244,0.5624888523238762,0.6128024864580597
8245,0.5624384852872423,0.612753029301375
8246,0.5623881185179928,0.612703571877314
8247,0.5623377520160847,0.6126541141858719
8248,0.5622873857815371,0.6126046562270888
8249,0.5622370198143135,0.612555198000948
8250,0.5621866541144006,0.6125057395074862
8251,0.5621362886818034,0.6124562807467135
8252,0.5620859235164699,0.61240682171863
8253,0.5620355586184301,0.6123573624232814
8254,0.5619851939876402,0.6123079028606442
8255,0.5619348296240695,0.6122584430307572
8256,0.5618844655277601,0.6122089829336537
8257,0.561834101698643,0.6121595225692895
8258,0.5617837381367357,0.6121100619377366
8259,0.5617333748420178,0.6120606010389753
8260,0.5616830118144543,0.6120111398730277
8261,0.5616326490540622,0.6119616784399262
8262,0.5615822865608024,0.6119122167396565
8263,0.5615319243346736,0.6118627547722556
8264,0.5614815623756584,0.6118132925377255
8265,0.5614312006837463,0.6117638300360843
8266,0.5613808392589134,0.6117143672673424
8267,0.5613304781011452,0.6116649042315219
8268,0.5612801172104426,0.6116154409286402
8269,0.5612297565867836,0.6115659773586937
8270,0.5611793962301463,0.6115165135217062
8271,0.5611290361405168,0.6114670494176989
8272,0.5610786763178895,0.6114175850466848
8273,0.5610283167622678,0.6113681204086722
8274,0.5609779574735974,0.6113186555036554
8275,0.5609275984518663,0.6112691903316888
8276,0.560877239697113,0.6112197248927844
8277,0.5608268812092558,0.6111702591869064
8278,0.560776522988336,0.6111207932141327
8279,0.5607261650342964,0.6110713269744232
8280,0.5606758073471605,0.611021860467835
8281,0.5606254499268789,0.6109723936943464
8282,0.560575092773464,0.6109229266540052
8283,0.5605247358868892,0.6108734593467992
8284,0.5604743792671444,0.6108239917727536
8285,0.5604240229142025,0.6107745239318824
8286,0.5603736668280678,0.6107250558242083
8287,0.5603233110087282,0.610675587449729
8288,0.5602729554561382,0.6106261188084579
8289,0.5602226001703435,0.6105766499004388
8290,0.5601722451512602,0.6105271807256258
8291,0.5601218903989159,0.6104777112841031
8292,0.5600715359132987,0.6104282415758435
8293,0.5600211816943601,0.6103787716008597
8294,0.5599708277421077,0.6103293013591979
8295,0.5599204740565568,0.610279830850853
8296,0.5598701206376527,0.6102303600758086
8297,0.5598197674853805,0.6101808890341176
8298,0.5597694145997498,0.6101314177257984
8299,0.5597190619807427,0.6100819461508376
8300,0.5596687096283226,0.6100324743092576
8301,0.5596183575425054,0.6099830022010913
8302,0.5595680057232589,0.6099335298263239
8303,0.5595176541705685,0.6098840571849877
8304,0.5594673028844371,0.6098345842770978
8305,0.5594169518648249,0.6097851111026511
8306,0.5593666011117377,0.6097356376616867
8307,0.5593162506251658,0.6096861639541985
8308,0.5592659004050824,0.6096366899801979
8309,0.5592155504514671,0.6095872157397102
8310,0.5591652007643303,0.609537741232757
8311,0.5591148513436323,0.6094882664593264
8312,0.5590645021893581,0.6094387914194599
8313,0.5590141533015192,0.6093893161131705
8314,0.5589638046800973,0.6093398405404471
8315,0.5589134563250571,0.6092903647013097
8316,0.5588631082364026,0.6092408885957925
8317,0.5588127604141091,0.6091914122238893
8318,0.5587624128581765,0.6091419355856297
8319,0.5587120655685737,0.6090924586810114
8320,0.5586617185453036,0.6090429815100638
8321,0.558611371788339,0.608993504072785
8322,0.5585610252976846,0.6089440263692032
8323,0.5585106790733076,0.6088945483993139
8324,0.5584603331151881,0.6088450701631485
8325,0.5584099874233314,0.6087955916607266
8326,0.5583596419977184,0.6087461128920446
8327,0.5583092968383443,0.6086966338571208
8328,0.5582589519451714,0.6086471545559602
8329,0.5582086073182029,0.6085976749885997
8330,0.5581582629574198,0.6085481951550369
8331,0.5581079188628196,0.6084987150552902
8332,0.5580575750343634,0.6084492346893635
8333,0.5580072314720818,0.6083997540572929
8334,0.5579568881759024,0.6083502731590522
8335,0.557906545145857,0.6083007919947088
8336,0.5578562023819325,0.6082513105642351
8337,0.557805859884067,0.6082018288676401
8338,0.557755517652297,0.6081523469049901
8339,0.5577051756865898,0.6081028646762455
8340,0.5576548339869313,0.608053382181439
8341,0.5576044925533106,0.6080038994205879
8342,0.5575541513857237,0.6079544163936996
8343,0.5575038104841266,0.6079049331007795
8344,0.5574534698485529,0.6078554495418704
8345,0.5574031294789343,0.6078059657169421
8346,0.5573527893752976,0.6077564816260588
8347,0.5573024495376143,0.6077069972691949
8348,0.557252109965877,0.607657512646381
8349,0.5572017706600536,0.6076080277576215
8350,0.5571514316201752,0.6075585426029508
8351,0.5571010928461745,0.6075090571823369
8352,0.5570507543380722,0.6074595714958477
8353,0.557000416095826,0.6074100855434612
8354,0.5569500781194654,0.6073605993252206
8355,0.5568997404089422,0.6073111128410971
8356,0.5568494029642612,0.6072616260911365
8357,0.556799065785384,0.6072121390753364
8358,0.5567487288723253,0.6071626517937341
8359,0.5566983922250544,0.6071131642463163
8360,0.5566480558435768,0.6070636764331103
8361,0.5565977197278503,0.6070141883541144
8362,0.5565473838778804,0.6069647000093681
8363,0.5564970482936575,0.6069152113988677
8364,0.5564467129751468,0.6068657225226229
8365,0.5563963779223615,0.6068162333806666
8366,0.5563460431352852,0.6067667439729858
8367,0.5562957086138768,0.6067172542996
8368,0.5562453743581428,0.6066677643605465
8369,0.5561950403680875,0.6066182741558206
8370,0.5561447066436637,0.606568783685419
8371,0.5560943731848703,0.6065192929493872
8372,0.5560440399916976,0.6064698019477262
8373,0.5559937070641346,0.6064203106804461
8374,0.5559433744021596,0.6063708191475585
8375,0.5558930420057774,0.6063213273490854
8376,0.555842709874955,0.6062718352850203
8377,0.5557923780096857,0.6062223429553977
8378,0.5557420464099533,0.606172850360224
8379,0.5556917150757471,0.6061233574995153
8380,0.5556413840070664,0.6060738643732813
8381,0.5555910532038675,0.6060243709815248
8382,0.5555407226661617,0.6059748773242863
8383,0.5554903923939413,0.6059253834015592
8384,0.5554400623871627,0.6058758892133471
8385,0.5553897326458437,0.6058263947596937
8386,0.5553394031699571,0.6057769000405847
8387,0.5552890739594949,0.6057274050560442
8388,0.5552387450144388,0.6056779098060814
8389,0.5551884163347771,0.6056284142907145
8390,0.5551380879204939,0.605578918509954
8391,0.5550877597715793,0.6055294224638164
8392,0.5550374318880078,0.6054799261523125
8393,0.554987104269798,0.6054304295754673
8394,0.5549367769169058,0.6053809327332633
8395,0.5548864498293414,0.6053314356257413
8396,0.5548361230070596,0.6052819382528961
8397,0.5547857964500814,0.605232440614768
8398,0.5547354701583794,0.6051829427113391
8399,0.5546851441319395,0.6051334445426353
8400,0.5546348183707467,0.6050839461086697
8401,0.5545844928747955,0.6050344474094611
8402,0.554534167644065,0.604984948445012
8403,0.5544838426785469,0.604935449215343
8404,0.5544335179782295,0.6048859497204648
8405,0.5543831935430994,0.6048364499603863
8406,0.5543328693731336,0.604786949935123
8407,0.554282545468322,0.6047374496446976
8408,0.554232221828664,0.6046879490891182
8409,0.5541818984541469,0.6046384482683878
8410,0.5541315753447436,0.6045889471825185
8411,0.5540812525004423,0.6045394458315361
8412,0.5540309299212417,0.6044899442154552
8413,0.5539806076071249,0.6044404423342735
8414,0.5539302855580714,0.6043909401880116
8415,0.5538799637740679,0.6043414377766866
8416,0.5538296422551106,0.6042919351003143
8417,0.5537793210011877,0.6042424321588975
8418,0.5537290000122844,0.6041929289524467
8419,0.5536786792883701,0.6041434254809797
8420,0.5536283588294689,0.604093921744524
8421,0.55357803863553,0.6040444177430586
8422,0.5535277187065529,0.6039949134766309
8423,0.5534773990425396,0.6039454089452447
8424,0.5534270796434547,0.6038959041488958
8425,0.5533767605093182,0.6038463990876195
8426,0.5533264416400757,0.603796893761398
8427,0.5532761230357289,0.6037473881702835
8428,0.5532258046962825,0.6036978823142742
8429,0.5531754866217047,0.6036483761933678
8430,0.5531251688119904,0.6035988698075925
8431,0.5530748512671304,0.6035493631569566
8432,0.5530245339871014,0.6034998562414685
8433,0.5529742169719098,0.6034503490611502
8434,0.5529239002215144,0.6034008416159964
8435,0.5528735837359184,0.6033513339060483
8436,0.552823267515116,0.6033018259313023
8437,0.5527729515590866,0.6032523176917645
8438,0.5527226358678127,0.6032028091874568
8439,0.5526723204412896,0.6031533004183933
8440,0.5526220052795026,0.6031037913845821
8441,0.5525716903824365,0.6030542820860345
8442,0.5525213757500854,0.6030047725227692
8443,0.5524710613824153,0.6029552626947899
8444,0.5524207472794588,0.6029057526021322
8445,0.5523704334411413,0.6028562422447631
8446,0.5523201198675062,0.6028067316227554
8447,0.5522698065585085,0.6027572207360679
8448,0.5522194935141458,0.6027077095847432
8449,0.5521691807343967,0.6026581981687864
8450,0.5521188682192818,0.6026086864882165
8451,0.5520685559687342,0.6025591745430157
8452,0.5520182439827691,0.6025096623332479
8453,0.5519679322613928,0.6024601498589006
8454,0.5519176208045733,0.6024106371199659
8455,0.5518673096122857,0.6023611241164755
8456,0.551816998684549,0.6023116108484547
8457,0.5517666880213196,0.6022620973158841
8458,0.5517163776226056,0.6022125835188097
8459,0.5516660674883932,0.6021630694572213
8460,0.5516157576186448,0.602113555131132
8461,0.55156544801337,0.6020640405405806
8462,0.5515151386725616,0.602014525685558
8463,0.5514648295962042,0.6019650105660695
8464,0.5514145207842716,0.6019154951821328
8465,0.5513642122367581,0.6018659795337713
8466,0.5513139039536561,0.6018164636209936
8467,0.55126359593496,0.6017669474438072
8468,0.5512132881806214,0.6017174310022144
8469,0.5511629806906695,0.6016679142962664
8470,0.5511126734650845,0.6016183973259333
8471,0.5510623665038339,0.6015688800912354
8472,0.5510120598069238,0.601519362592204
8473,0.5509617533743224,0.6014698448288358
8474,0.5509114472060462,0.6014203268011576
8475,0.5508611413020528,0.6013708085091574
8476,0.5508108356623388,0.6013212899528766
8477,0.5507605302869211,0.6012717711323163
8478,0.5507102251757432,0.601222252047463
8479,0.5506599203288247,0.6011727326983713
8480,0.5506096157461314,0.6011232130850213
8481,0.5505593114276586,0.6010736932074483
8482,0.5505090073733959,0.6010241730656551
8483,0.5504587035833327,0.6009746526596551
8484,0.5504084000574502,0.6009251319894552
8485,0.5503580967957515,0.6008756110550784
8486,0.550307793798207,0.6008260898565188
8487,0.5502574910648096,0.6007765683938061
8488,0.5502071885955451,0.6007270466669485
8489,0.5501568863904165,0.6006775246759586
8490,0.5501065844493975,0.6006280024208364
8491,0.5500562827724741,0.6005784799016033
8492,0.5500059813596438,0.6005289571182779
8493,0.5499556802108793,0.6004794340708617
8494,0.5499053793261817,0.6004299107593801
8495,0.5498550787055344,0.6003803871838339
8496,0.5498047783489245,0.6003308633442392
8497,0.5497544782563328,0.6002813392406082
8498,0.5497041784277844,0.6002318148729615
8499,0.5496538788632052,0.6001822902412721
8500,0.5496035795626244,0.6001327653456151
8501,0.5495532805260397,0.6000832401859606
8502,0.5495029817533994,0.600033714762312
8503,0.5494526832447184,0.599984189074722
8504,0.5494023849999673,0.5999346631231735
8505,0.5493520870191706,0.599885136907695
8506,0.5493017893022741,0.5998356104282667
8507,0.5492514918492912,0.5997860836849385
8508,0.5492011946602043,0.5997365566776982
8509,0.5491508977349887,0.5996870294065637
8510,0.5491006010736362,0.59963750187156
8511,0.5490503046761517,0.5995879740726939
8512,0.549000008542502,0.5995384460099614
8513,0.5489497126726954,0.599488917683395
8514,0.5488994170667081,0.5994393890929887
8515,0.5488491217245297,0.5993898602387644
8516,0.5487988266461393,0.5993403311207322
8517,0.5487485318315348,0.5992908017389134
8518,0.5486982372807068,0.5992412720933091
8519,0.5486479429936347,0.5991917421839317
8520,0.5485976489703248,0.5991422120108001
8521,0.548547355210731,0.5990926815739079
8522,0.5484970617148769,0.5990431508732996
8523,0.548446768482719,0.5989936199089544
8524,0.5483964755142895,0.5989440886809135
8525,0.5483461828095216,0.5988945571891466
8526,0.5482958903684487,0.5988450254337199
8527,0.5482455981910215,0.5987954934146
8528,0.5481953062772812,0.5987459611318356
8529,0.5481450146271615,0.5986964285853849
8530,0.5480947232406586,0.598646895775317
8531,0.5480444321177893,0.5985973627016329
8532,0.5479941412585274,0.5985478293643156
8533,0.5479438506628496,0.5984982957633949
8534,0.5478935603307672,0.5984487618988896
8535,0.5478432702622313,0.5983992277707908
8536,0.5477929804572779,0.5983496933791481
8537,0.547742690915866,0.5983001587239242
8538,0.547692401637964,0.5982506238051601
8539,0.5476421126236142,0.5982010886228863
8540,0.5475918238727636,0.5981515531770634
8541,0.5475415353854146,0.5981020174677429
8542,0.5474912471615461,0.5980524814949217
8543,0.5474409592011567,0.5980029452586215
8544,0.5473906715042478,0.5979534087588441
8545,0.547340384070773,0.5979038719955865
8546,0.5472900969007424,0.5978543349688988
8547,0.5472398099941452,0.5978047976787673
8548,0.5471895233509565,0.5977552601252029
8549,0.5471392369711805,0.5977057223082325
8550,0.5470889508547923,0.5976561842278513
8551,0.5470386650017879,0.597606645884083
8552,0.546988379412151,0.5975571072769329
8553,0.546938094085879,0.5975075684064164
8554,0.5468878090229462,0.5974580292725367
8555,0.5468375242233537,0.5974084898753188
8556,0.5467872396870898,0.5973589502147632
8557,0.546736955414123,0.5973094102908794
8558,0.546686671404461,0.5972598701037004
8559,0.5466363876580937,0.5972103296532195
8560,0.546586104174997,0.5971607889394437
8561,0.5465358209551856,0.5971112479623988
8562,0.5464855379986079,0.5970617067220714
8563,0.5464352553052693,0.5970121652185102
8564,0.546384972875169,0.5969626234517129
8565,0.5463346907082868,0.5969130814216784
8566,0.5462844088046173,0.5968635391284269
8567,0.5462341271641369,0.5968139965719649
8568,0.5461838457868302,0.5967644537523136
8569,0.5461335646727152,0.596714910669492
8570,0.5460832838217597,0.5966653673234787
8571,0.5460330032339424,0.5966158237143091
8572,0.5459827229092821,0.5965662798420018
8573,0.5459324428477333,0.5965167357065391
8574,0.5458821630493026,0.5964671913079662
8575,0.5458318835139757,0.5964176466462758
8576,0.5457816042417333,0.5963681017214858
8577,0.5457313252325914,0.5963185565336107
8578,0.5456810464865,0.5962690110826374
8579,0.5456307680034839,0.5962194653686139
8580,0.5455804897835019,0.5961699193915182
8581,0.5455302118265553,0.5961203731513883
8582,0.5454799341326325,0.5960708266482247
8583,0.5454296567017303,0.5960212798820395
8584,0.5453793795338193,0.5959717328528353
8585,0.5453291026288977,0.5959221855606414
8586,0.5452788259869473,0.5958726380054592
8587,0.5452285496079823,0.5958230901873071
8588,0.5451782734919739,0.5957735421061705
8589,0.5451279976388974,0.5957239937620795
8590,0.5450777220487522,0.5956744451550601
8591,0.5450274467215241,0.5956248962851075
8592,0.5449771716572179,0.5955753471522403
8593,0.5449268968558062,0.5955257977564536
8594,0.5448766223172802,0.5954762480977727
8595,0.5448263480416253,0.5954266981762082
8596,0.5447760740288423,0.595377147991774
8597,0.5447258002789114,0.5953275975444691
8598,0.5446755267918223,0.5952780468343147
8599,0.544625253567563,0.595228495861319
8600,0.5445749806061216,0.5951789446254943
8601,0.5445247079074886,0.5951293931268542
8602,0.5444744354716735,0.5950798413654068
8603,0.544424163298616,0.5950302893411419
8604,0.544373891388342,0.594980737054122
8605,0.544323619740834,0.5949311845043206
8606,0.5442733483560804,0.5948816316917531
8607,0.5442230772340659,0.5948320786164348
8608,0.5441728063747807,0.5947825252783769
8609,0.5441225357782071,0.5947329716775913
8610,0.5440722654443504,0.5946834178140967
8611,0.5440219953731886,0.5946338636878857
8612,0.5439717255647092,0.5945843092989812
8613,0.5439214560188937,0.5945347546473956
8614,0.543871186735753,0.594485199733148
8615,0.5438209177152686,0.5944356445562273
8616,0.5437706489574153,0.5943860891166506
8617,0.5437203804622063,0.594336533414445
8618,0.543670112229594,0.594286977449598
8619,0.543619844259603,0.5942374212221535
8620,0.5435695765522043,0.5941878647320905
8621,0.5435193091073814,0.5941383079794356
8622,0.5434690419251491,0.5940887509642061
8623,0.5434187750054752,0.5940391936863878
8624,0.543368508348348,0.5939896361460137
8625,0.5433182419537503,0.5939400783430935
8626,0.5432679758217049,0.5938905202776441
8627,0.54321770995218,0.5938409619496452
8628,0.5431674443451521,0.5937914033591272
8629,0.5431171790006152,0.5937418445061131
8630,0.5430669139185756,0.5936922853906076
8631,0.5430166490990028,0.5936427260126097
8632,0.5429663845418901,0.5935931663721448
8633,0.5429161202472447,0.5935436064692201
8634,0.5428658562150364,0.5934940463038308
8635,0.5428155924452606,0.5934444858760058
8636,0.5427653289379034,0.5933949251857504
8637,0.5427150656929409,0.5933453642330773
8638,0.5426648027103848,0.5932958030180098
8639,0.5426145399902346,0.5932462415405382
8640,0.5425642775324396,0.593196679800663
8641,0.5425140153370043,0.5931471177984311
8642,0.5424637534039435,0.5930975555338424
8643,0.5424134917332221,0.5930479930068815
8644,0.5423632303248287,0.5929984302175817
8645,0.5423129691787599,0.5929488671659557
8646,0.5422627082950008,0.5928993038520061
8647,0.5422124476735272,0.5928497402757487
8648,0.5421621873143647,0.5928001764372061
8649,0.5421119272174699,0.5927506123363555
8650,0.5420616673828488,0.5927010479732364
8651,0.5420114078104832,0.5926514833478478
8652,0.5419611485003603,0.5926019184602023
8653,0.5419108894524718,0.5925523533103177
8654,0.5418606306668143,0.5925027878981985
8655,0.5418103721433754,0.5924532222238506
8656,0.54176011388212,0.5924036562872853
8657,0.5417098558830804,0.5923540900885365
8658,0.541659598146195,0.5923045236275757
8659,0.5416093406714992,0.5922549569044591
8660,0.5415590834589713,0.5922053899191557
8661,0.5415088265085766,0.5921558226716871
8662,0.541458569820317,0.5921062551620857
8663,0.5414083133941984,0.5920566873903494
8664,0.5413580572301885,0.5920071193564741
8665,0.5413078013282825,0.5919575510604923
8666,0.5412575456884927,0.5919079825024078
8667,0.5412072903107664,0.5918584136822083
8668,0.5411570351951135,0.5918088445999456
8669,0.5411067803415409,0.5917592752556118
8670,0.5410565257500033,0.5917097056491982
8671,0.5410062714205326,0.5916601357807519
8672,0.5409560173530714,0.5916105656502406
8673,0.5409057635476473,0.5915609952577199
8674,0.5408555100041996,0.5915114246031642
8675,0.5408052567227926,0.5914618536866326
8676,0.5407550037033555,0.5914122825080624
8677,0.5407047509459051,0.5913627110675241
8678,0.5406544984504149,0.5913131393649991
8679,0.5406042462168988,0.5912635674005156
8680,0.5405539942453064,0.591213995174059
8681,0.5405037425356656,0.5911644226856825
8682,0.5404534910879428,0.5911148499353525
8683,0.5404032399021499,0.5910652769231077
8684,0.5403529889782476,0.5910157036489336
8685,0.5403027383162436,0.590966130112871
8686,0.5402524879161285,0.5909165563149109
8687,0.5402022377778792,0.5908669822550632
8688,0.5401519879014967,0.5908174079333492
8689,0.5401017382869664,0.5907678333497728
8690,0.5400514889342917,0.5907182585043449
8691,0.5400012398434176,0.5906686833970621
8692,0.5399509910143881,0.5906191080279781
8693,0.5399007424471715,0.5905695323970532
8694,0.5398504941417365,0.5905199565043167
8695,0.5398002460981042,0.5904703803497987
8696,0.5397499983162515,0.5904208039334804
8697,0.5396997507961601,0.5903712272553847
8698,0.5396495035378327,0.5903216503155256
8699,0.5395992565412667,0.5902720731139075
8700,0.5395490098064177,0.5902224956505264
8701,0.5394987633333017,0.5901729179254316
8702,0.5394485171219113,0.5901233399386039
8703,0.5393982711722082,0.5900737616900524
8704,0.5393480254842097,0.5900241831798153
8705,0.539297780057902,0.5899746044078742
8706,0.5392475348932761,0.5899250253742445
8707,0.5391972899903069,0.5898754460789337
8708,0.5391470453489879,0.5898258665219676
8709,0.5390968009693183,0.5897762867033525
8710,0.5390465568512885,0.5897267066230885
8711,0.5389963129948787,0.5896771262811873
8712,0.5389460694000804,0.5896275456776667
8713,0.5388958260668849,0.5895779648125365
8714,0.5388455829952867,0.5895283836858036
8715,0.538795340185273,0.5894788022974754
8716,0.5387450976368411,0.5894292206475644
8717,0.5386948553499522,0.5893796387360722
8718,0.5386446133246279,0.5893300565630388
8719,0.5385943715608317,0.5892804741284415
8720,0.5385441300585815,0.5892308914323177
8721,0.5384938888178423,0.5891813084746493
8722,0.5384436478386232,0.5891317252554704
8723,0.5383934071209119,0.5890821417747736
8724,0.5383431666646764,0.5890325580325698
8725,0.538292926469924,0.5889829740288917
8726,0.5382426865366597,0.5889333897637317
8727,0.5381924468648439,0.5888838052370842
8728,0.5381422074544834,0.5888342204489913
8729,0.5380919683055425,0.5887846353994436
8730,0.5380417294180463,0.5887350500884747
8731,0.5379914907919747,0.5886854645160653
8732,0.5379412524272982,0.5886358786822325
8733,0.5378910143240496,0.5885862925870045
8734,0.537840776482161,0.5885367062303519
8735,0.5377905389016666,0.5884871196123392
8736,0.5377403015825367,0.5884375327329336
8737,0.5376900645247812,0.5883879455921637
8738,0.5376398277283515,0.5883383581900231
8739,0.5375895911932733,0.5882887705265563
8740,0.5375393549195299,0.5882391826017389
8741,0.5374891189070938,0.5881895944155899
8742,0.5374388831559795,0.5881400059681325
8743,0.5373886476661683,0.5880904172593566
8744,0.5373384124376347,0.5880408282892784
8745,0.5372881774703858,0.587991239057922
8746,0.5372379427643913,0.5879416495652845
8747,0.5371877083196749,0.5878920598113918
8748,0.5371374741362089,0.5878424697962229
8749,0.5370872402139706,0.5877928795198057
8750,0.5370370065529637,0.5877432889821612
8751,0.536986773153175,0.5876936981832874
8752,0.5369365400146039,0.5876441071231954
8753,0.5368863071372261,0.5875945158018879
8754,0.5368360745210435,0.5875449242193875
8755,0.5367858421660348,0.5874953323756944
8756,0.5367356100721985,0.5874457402708277
8757,0.5366853782395223,0.5873961479047902
8758,0.536635146667993,0.5873465552775934
8759,0.5365849153576157,0.5872969623892511
8760,0.5365346843083517,0.5872473692397582
8761,0.5364844535202165,0.5871977758291526
8762,0.5364342229931959,0.5871481821574209
8763,0.5363839927272639,0.587098588224574
8764,0.5363337627224314,0.5870489940306398
8765,0.5362835329786898,0.5869993995756095
8766,0.53623330349601,0.5869498048594874
8767,0.5361830742743864,0.5869002098823046
8768,0.5361328453138198,0.5868506146440683
8769,0.5360826166142958,0.5868010191447752
8770,0.5360323881758087,0.586751423384442
8771,0.5359821599983322,0.5867018273630709
8772,0.5359319320818732,0.5866522310806916
8773,0.5358817044264221,0.5866026345372952
8774,0.5358314770319578,0.5865530377328938
8775,0.5357812498984822,0.5865034406675056
8776,0.5357310230259784,0.5864538433411297
8777,0.5356807964144489,0.5864042457537839
8778,0.5356305700638514,0.5863546479054649
8779,0.5355803439742125,0.5863050497962142
8780,0.5355301181455092,0.5862554514260061
8781,0.5354798925777204,0.5862058527948658
8782,0.5354296672708594,0.5861562539028101
8783,0.5353794422248952,0.5861066547498283
8784,0.5353292174398436,0.5860570553359512
8785,0.5352789929156637,0.5860074556611616
8786,0.5352287686523517,0.5859578557255032
8787,0.5351785446499318,0.5859082555289761
8788,0.5351283209083484,0.5858586550715601
8789,0.5350780974276217,0.585809054353307
8790,0.5350278742077406,0.5857594533741988
8791,0.5349776512486716,0.585709852134247
8792,0.5349274285504275,0.5856602506334843
8793,0.5348772061129995,0.5856106488718968
8794,0.5348269839363666,0.5855610468494956
8795,0.5347767620205169,0.5855114445662994
8796,0.5347265403654611,0.5854618420223217
8797,0.5346763189711675,0.5854122392175505
8798,0.5346260978376435,0.5853626361520192
8799,0.5345758769648737,0.5853130328257183
8800,0.5345256563528406,0.5852634292386654
8801,0.5344754360015319,0.5852138253908765
8802,0.5344252159109606,0.5851642212823656
8803,0.5343749960811027,0.5851146169131172
8804,0.5343247765119403,0.5850650122831558
8805,0.5342745572034798,0.5850154073925016
8806,0.5342243381556987,0.5849658022411461
8807,0.5341741193685917,0.584916196829113
8808,0.5341239008421678,0.5848665911564064
8809,0.5340736825763898,0.5848169852230174
8810,0.5340234645712617,0.5847673790289836
8811,0.5339732468267646,0.5847177725743011
8812,0.5339230293429047,0.5846681658589883
8813,0.5338728121196646,0.5846185588830413
8814,0.5338225951570339,0.5845689516464738
8815,0.5337723784550048,0.5845193441492993
8816,0.5337221620135691,0.5844697363915234
8817,0.5336719458327016,0.5844201283731557
8818,0.5336217299124238,0.5843705200942206
8819,0.5335715142526927,0.5843209115546972
8820,0.533521298853534,0.5842713027546278
8821,0.5334710837149137,0.5842216936939879
8822,0.5334208688368244,0.58417208437281
8823,0.5333706542192641,0.5841224747911031
8824,0.5333204398622206,0.584072864948868
8825,0.5332702257656802,0.5840232548461164
8826,0.5332200119296425,0.5839736444828628
8827,0.5331697983540887,0.5839240338591095
8828,0.5331195850390128,0.5838744229748716
8829,0.5330693719844215,0.5838248118301573
8830,0.5330191591902697,0.5837752004249602
8831,0.5329689466565861,0.5837255887593242
8832,0.5329187343833381,0.5836759768332207
8833,0.5328685223705271,0.5836263646466845
8834,0.5328183106181313,0.58357675219971
8835,0.5327680991261486,0.5835271394923229
8836,0.5327178878945787,0.5834775265245227
8837,0.5326676769234109,0.5834279132963123
8838,0.5326174662126175,0.5833782998076997
8839,0.5325672557622139,0.583328686058713
8840,0.5325170455721675,0.5832790720493395
8841,0.5324668356424881,0.5832294577796089
8842,0.5324166259731556,0.5831798432495119
8843,0.532366416564173,0.5831302284590708
8844,0.5323162074155107,0.5830806134082801
8845,0.5322659985271743,0.5830309980971704
8846,0.5322157898991569,0.5829813825257348
8847,0.5321655815314255,0.5829317666939826
8848,0.5321153734240188,0.5828821506019433
8849,0.532065165576872,0.582832534249583
8850,0.5320149579900183,0.5827829176369629
8851,0.5319647506634322,0.5827333007640505
8852,0.5319145435971058,0.5826836836308724
8853,0.5318643367910172,0.5826340662374352
8854,0.5318141302451771,0.5825844485837597
8855,0.5317639239595641,0.5825348306698388
8856,0.5317137179341794,0.5824852124956906
8857,0.5316635121689967,0.5824355940613172
8858,0.5316133066640394,0.5823859753667412
8859,0.5315631014192671,0.5823363564119417
8860,0.5315128964346744,0.5822867371969583
8861,0.5314626917102668,0.5822371177217947
8862,0.5314124872460292,0.5821874979864485
8863,0.5313622830419406,0.582137877990933
8864,0.5313120790980168,0.5820882577352698
8865,0.531261875414225,0.5820386372194433
8866,0.531211671990565,0.5819890164434843
8867,0.5311614688270399,0.5819393954073967
8868,0.531111265923624,0.5818897741111742
8869,0.5310610632803117,0.5818401525548427
8870,0.5310108608970858,0.5817905307384101
8871,0.5309606587739637,0.5817409086618905
8872,0.5309104569109254,0.5816912863252695
8873,0.5308602553079419,0.5816416637285657
8874,0.5308100539650228,0.5815920408718088
8875,0.5307598528821645,0.5815424177549859
8876,0.5307096520593445,0.5814927943781056
8877,0.5306594514965463,0.5814431707411883
8878,0.5306092511937945,0.5813935468442485
8879,0.5305590511510456,0.5813439226872652
8880,0.5305088513683136,0.581294298270278
8881,0.5304586518455743,0.5812446735932755
8882,0.5304084525828269,0.5811950486562827
8883,0.5303582535800583,0.5811454234592974
8884,0.5303080548372717,0.5810957980023362
8885,0.5302578563544409,0.581046172285392
8886,0.5302076581315669,0.5809965463084941
8887,0.5301574601686396,0.5809469200716415
8888,0.530107262465649,0.5808972935748407
8889,0.5300570650225881,0.5808476668181055
8890,0.5300068678394553,0.5807980398014421
8891,0.5299566709162198,0.5807484125248519
8892,0.5299064742528907,0.5806987849883634
8893,0.5298562778494522,0.5806491571919715
8894,0.5298060817059101,0.5805995291356887
8895,0.5297558858222382,0.5805499008195124
8896,0.52970569019843,0.5805002722434656
8897,0.5296554948344833,0.5804506434075565
8898,0.5296052997303876,0.5804010143117864
8899,0.5295551048861376,0.5803513849561664
8900,0.5295049103017038,0.5803017553407025
8901,0.5294547159771039,0.5802521254654227
8902,0.5294045219123207,0.5802024953303089
8903,0.5293543281073521,0.5801528649353809
8904,0.5293041345621688,0.5801032342806398
8905,0.5292539412767806,0.5800536033661133
8906,0.5292037482511741,0.5800039721917938
8907,0.5291535554853408,0.5799543407576926
8908,0.5291033629792717,0.5799047090638192
8909,0.5290531707329595,0.5798550771101834
8910,0.5290029787463837,0.5798054448967911
8911,0.5289527870195484,0.5797558124236638
8912,0.5289025955524286,0.5797061796907962
8913,0.5288524043450527,0.5796565466982144
8914,0.5288022133973829,0.5796069134458903
8915,0.5287520227094091,0.5795572799338606
8916,0.5287018322811395,0.5795076461621349
8917,0.5286516421125527,0.5794580121307079
8918,0.5286014522036444,0.5794083778395982
8919,0.5285512625544044,0.579358743288811
8920,0.5285010731648311,0.5793091084783558
8921,0.5284508840348963,0.5792594734082359
8922,0.5284006951646214,0.5792098380784777
8923,0.5283505065539668,0.579160202489061
8924,0.5283003182029452,0.5791105666400256
8925,0.5282501301115525,0.579060930531358
8926,0.528199942279756,0.5790112941630612
8927,0.5281497547075551,0.5789616575351701
8928,0.528099567394969,0.5789120206476837
8929,0.5280493803419426,0.5788623835005857
8930,0.5279991935485058,0.5788127460939259
8931,0.5279490070146352,0.5787631084276796
8932,0.5278988207403351,0.5787134705018679
8933,0.527848634725563,0.5786638323164879
8934,0.5277984489703406,0.5786141938715772
8935,0.5277482634746783,0.5785645551671192
8936,0.5276980782385157,0.5785149162031038
8937,0.5276478932618736,0.5784652769795873
8938,0.527597708544736,0.5784156374965526
8939,0.527547524087107,0.5783659977540132
8940,0.5274973398889785,0.5783163577519691
8941,0.5274471559503231,0.5782667174904225
8942,0.527396972271136,0.578217076969405
8943,0.5273467888514137,0.5781674361889206
8944,0.5272966056911761,0.5781177951489708
8945,0.5272464227903643,0.578068153849539
8946,0.52719624014901,0.5780185122906808
8947,0.5271460577670853,0.577968870472366
8948,0.5270958756445883,0.577919228394624
8949,0.5270456937815085,0.577869586057455
8950,0.5269955121778278,0.5778199434608682
8951,0.5269453308335444,0.5777703006048842
8952,0.526895149748676,0.5777206574895046
8953,0.5268449689231777,0.5776710141147101
8954,0.526794788357062,0.5776213704805473
8955,0.5267446080503071,0.5775717265870007
8956,0.526694428002909,0.5775220824340958
8957,0.5266442482148753,0.5774724380218358
8958,0.5265940686861644,0.577422793350211
8959,0.5265438894168136,0.5773731484192652
8960,0.526493710406791,0.5773235032289601
8961,0.5264435316560611,0.5772738577793269
8962,0.5263933531646643,0.5772242120704022
8963,0.5263431749325602,0.5771745661021455
8964,0.5262929969597445,0.5771249198745967
8965,0.5262428192462216,0.5770752733877613
8966,0.5261926417919812,0.577025626641634
8967,0.5261424645970119,0.5769759796362235
8968,0.5260922876612985,0.576926332371545
8969,0.5260421109848384,0.5768766848476108
8970,0.5259919345676213,0.5768270370644235
8971,0.5259417584096474,0.5767773890219946
8972,0.5258915825109061,0.5767277407203244
8973,0.5258414068713687,0.5766780921594207
8974,0.5257912314910709,0.5766284433393145
8975,0.5257410563699619,0.5765787942599707
8976,0.5256908815080602,0.5765291449214371
8977,0.5256407069053338,0.5764794953236984
8978,0.525590532561797,0.5764298454667853
8979,0.5255403584774334,0.5763801953506844
8980,0.5254901846522181,0.5763305449754093
8981,0.5254400110861813,0.5762808943409868
8982,0.525389837779285,0.5762312434473891
8983,0.5253396647315349,0.5761815922946495
8984,0.5252894919429122,0.5761319408827644
8985,0.5252393194134146,0.5760822892117541
8986,0.5251891471430363,0.5760326372816186
8987,0.5251389751317704,0.5759829850923659
8988,0.525088803379599,0.5759333326440002
8989,0.5250386318865324,0.575883679936543
8990,0.5249884606525344,0.5758340269699804
8991,0.524938289677627,0.5757843737443513
8992,0.5248881189617812,0.5757347202596316
8993,0.524837948504996,0.5756850665158499
8994,0.524787778307273,0.5756354125130101
8995,0.5247376083685851,0.5755857582511095
8996,0.5246874386889517,0.5755361037301725
8997,0.524637269268328,0.5754864489501836
8998,0.5245871001067419,0.5754367939111854
8999,0.5245369312041602,0.5753871386131499
9000,0.5244867625605926,0.5753374830561115
9001,0.5244365941760202,0.5752878272400609
9002,0.5243864260504305,0.5752381711650147
9003,0.5243362581838419,0.5751885148309861
9004,0.5242860905762167,0.5751388582379582
9005,0.5242359232275694,0.5750892013859683
9006,0.5241857561378633,0.5750395442750014
9007,0.5241355893071258,0.5749898869050922
9008,0.524085422735315,0.5749402292762171
9009,0.524035256422453,0.5748905713884154
9010,0.5239850903685238,0.5748409132416656
9011,0.5239349245735023,0.5747912548359845
9012,0.5238847590374028,0.5747415961713961
9013,0.523834593760198,0.5746919372478863
9014,0.5237844287419038,0.5746422780654841
9015,0.5237342639824893,0.5745926186241705
9016,0.5236840994819596,0.57454295892398
9017,0.5236339352403125,0.5744932989649031
9018,0.5235837712575175,0.5744436387469459
9019,0.5235336075336017,0.5743939782701373
9020,0.5234834440685021,0.5743443175344496
9021,0.5234332808622776,0.5742946565399467
9022,0.5233831179148811,0.5742449952865716
9023,0.5233329552263128,0.5741953337743668
9024,0.5232827927965554,0.5741456720033363
9025,0.5232326306256191,0.5740960099734946
9026,0.5231824687134837,0.5740463476848326
9027,0.5231323070601536,0.5739966851373719
9028,0.5230821456656133,0.5739470223311061
9029,0.5230319845298416,0.57389735926605
9030,0.5229818236528525,0.573847695942228
9031,0.5229316630346288,0.5737980323596221
9032,0.5228815026751674,0.5737483685182534
9033,0.5228313425744607,0.5736987044181221
9034,0.5227811827325004,0.5736490400592377
9035,0.5227310231492621,0.5735993754416082
9036,0.5226808638247532,0.5735497105652559
9037,0.522630704758988,0.5735000454301766
9038,0.5225805459519348,0.5734503800363548
9039,0.522530387403569,0.5734007143838202
9040,0.5224802291139174,0.5733510484726001
9041,0.5224300710829506,0.5733013823026658
9042,0.5223799133106596,0.5732517158740482
9043,0.5223297557970568,0.5732020491867569
9044,0.5222795985421149,0.573152382240776
9045,0.5222294415458515,0.573102715036136
9046,0.5221792848082123,0.5730530475728168
9047,0.5221291283292476,0.5730033798508756
9048,0.5220789721089052,0.5729537118702603
9049,0.5220288161472104,0.572904043631025
9050,0.52197866044412,0.5728543751331414
9051,0.5219285049996634,0.5728047063766541
9052,0.5218783498138159,0.5727550373615348
9053,0.5218281948865634,0.5727053680878076
9054,0.5217780402179008,0.5726556985554843
9055,0.5217278858078395,0.5726060287645717
9056,0.5216777316563407,0.5725563587150599
9057,0.5216275777634318,0.5725066884069872
9058,0.5215774241290788,0.5724570178403241
9059,0.5215272707532838,0.5724073470151059
9060,0.521477117636035,0.5723576759313309
9061,0.5214269647773325,0.5723080045890103
9062,0.5213768121771656,0.5722583329881453
9063,0.521326659835539,0.5722086611287429
9064,0.521276507752424,0.572158989010803
9065,0.5212263559278274,0.5721093166343514
9066,0.521176204361724,0.572059643999382
9067,0.5211260530541295,0.5720099711059223
9068,0.5210759020050086,0.5719602979539529
9069,0.5210257512144009,0.5719106245435095
9070,0.5209756006822596,0.5718609508745558
9071,0.5209254504085787,0.571811276947136
9072,0.5208753003933635,0.5717616027612549
9073,0.5208251506366113,0.5717119283169099
9074,0.5207750011383021,0.571662253614104
9075,0.5207248518984339,0.5716125786528549
9076,0.5206747029169986,0.5715629034331653
9077,0.5206245541939921,0.5715132279550437
9078,0.5205744057294,0.5714635522184934
9079,0.5205242575232354,0.5714138762235303
9080,0.520474109575465,0.5713641999701417
9081,0.5204239618860784,0.5713145234583575
9082,0.5203738144551083,0.5712648466881909
9083,0.5203236672825048,0.5712151696596086
9084,0.520273520368282,0.5711654923726615
9085,0.5202233737124278,0.5711158148273331
9086,0.5201732273149329,0.5710661370236373
9087,0.5201230811757933,0.5710164589615834
9088,0.5200729352950112,0.5709667806411736
9089,0.5200227896725579,0.5709171020624086
9090,0.5199726443084365,0.5708674232253147
9091,0.5199224992026492,0.5708177441298905
9092,0.5198723543551758,0.5707680647761318
9093,0.5198222097660089,0.5707183851640605
9094,0.5197720654351559,0.5706687052936839
9095,0.519721921362606,0.5706190251649934
9096,0.5196717775483436,0.5705693447779999
9097,0.5196216339923588,0.5705196641327215
9098,0.5195714906946475,0.5704699832291652
9099,0.5195213476552165,0.5704203020673366
9100,0.519471204874035,0.5703706206472279
9101,0.5194210623511207,0.5703209389688713
9102,0.519370920086454,0.5702712570322466
9103,0.5193207780800265,0.5702215748373756
9104,0.5192706363318289,0.5701718923842651
9105,0.5192204948418695,0.5701222096729288
9106,0.5191703536101281,0.5700725267033533
9107,0.5191202126365886,0.5700228434755593
9108,0.5190700719212679,0.5699731599895657
9109,0.5190199314641235,0.5699234762453531
9110,0.5189697912652061,0.5698737922429649
9111,0.5189196513244554,0.5698241079823507
9112,0.5188695116418873,0.5697744234635707
9113,0.5188193722175012,0.5697247386866089
9114,0.5187692330512681,0.5696750536514659
9115,0.5187190941431912,0.5696253683581707
9116,0.5186689554932714,0.5695756828067186
9117,0.5186188171014985,0.5695259969971131
9118,0.5185686789678443,0.5694763109293582
9119,0.5185185410923435,0.569426624603487
9120,0.5184684034749558,0.5693769380194627
9121,0.5184182661156844,0.5693272511773257
9122,0.5183681290145277,0.5692775640770729
9123,0.5183179921714703,0.5692278767187069
9124,0.5182678555865041,0.5691781891022432
9125,0.5182177192596211,0.5691285012276862
9126,0.5181675831908492,0.5690788130950498
9127,0.5181174473801327,0.569029124704302
9128,0.5180673118274841,0.5689794360554983
9129,0.5180171765329054,0.5689297471486279
9130,0.5179670414963771,0.5688800579836885
9131,0.5179169067179047,0.5688303685606991
9132,0.5178667721974577,0.5687806788796561
9133,0.5178166379350724,0.5687309889405867
9134,0.5177665039306919,0.5686812987434573
9135,0.5177163701843502,0.5686316082883232
9136,0.5176662366960013,0.56858191757515
9137,0.517616103465673,0.5685322266039868
9138,0.5175659704933432,0.5684825353748025
9139,0.51751583777901,0.5684328438876199
9140,0.5174657053226676,0.5683831521424421
9141,0.5174155731243005,0.5683334601392744
9142,0.5173654411839147,0.5682837678781314
9143,0.5173153095014931,0.5682340753590089
9144,0.5172651780770339,0.5681843825819217
9145,0.517215046910517,0.5681346895468731
9146,0.5171649160019589,0.5680849962538834
9147,0.5171147853513491,0.5680353027029337
9148,0.517064654958664,0.5679856088940396
9149,0.5170145248239172,0.5679359148272187
9150,0.5169643949470768,0.5678862205024608
9151,0.5169142653281559,0.5678365259197982
9152,0.5168641359671403,0.5677868310792171
9153,0.5168140068640337,0.5677371359807298
9154,0.5167638780188233,0.5676874406243339
9155,0.5167137494314891,0.5676377450100439
9156,0.5166636211020422,0.5675880491378766
9157,0.5166134930304714,0.5675383530078251
9158,0.5165633652167707,0.5674886566198958
9159,0.5165132376609383,0.5674389599740977
9160,0.516463110362944,0.5673892630704336
9161,0.5164129833228166,0.56733956590893
9162,0.5163628565405213,0.5672898684895614
9163,0.5163127300160563,0.567240170812361
9164,0.5162626037494307,0.5671904728773303
9165,0.5162124777406243,0.5671407746844623
9166,0.5161623519896293,0.5670910762337749
9167,0.5161122264964635,0.5670413775252763
9168,0.5160621012610732,0.5669916785589495
9169,0.5160119762834918,0.5669419793348482
9170,0.515961851563705,0.5668922798529388
9171,0.5159117271017062,0.566842580113235
9172,0.5158616028974706,0.5667928801157436
9173,0.5158114789510093,0.5667431798604894
9174,0.5157613552623128,0.5666934793474631
9175,0.5157112318313835,0.5666437785766711
9176,0.5156611086582059,0.566594077548114
9177,0.5156109857427652,0.5665443762618037
9178,0.5155608630850631,0.5664946747177585
9179,0.5155107406851013,0.5664449729159751
9180,0.5154606185428577,0.5663952708564526
9181,0.5154104966583487,0.5663455685392109
9182,0.5153603750315364,0.5662958659642365
9183,0.5153102536624267,0.566246163131567
9184,0.5152601325510299,0.5661964600411944
9185,0.5152100116973306,0.5661467566931091
9186,0.5151598911013064,0.5660970530873278
9187,0.515109770762964,0.5660473492238709
9188,0.5150596506823011,0.5659976451027331
9189,0.5150095308593118,0.5659479407239173
9190,0.5149594112939893,0.5658982360874276
9191,0.5149092919863102,0.5658485311932735
9192,0.5148591729362908,0.565798826041475
9193,0.5148090541438982,0.5657491206320158
9194,0.5147589356091591,0.5656994149649326
9195,0.5147088173320562,0.5656497090401962
9196,0.5146586993125705,0.5656000028578239
9197,0.5146085815507019,0.5655502964178357
9198,0.5145584640464553,0.5655005897202303
9199,0.5145083467997994,0.5654508827650033
9200,0.5144582298107485,0.5654011755521873
9201,0.5144081130792942,0.5653514680817673
9202,0.5143579966054194,0.56530176035375
9203,0.5143078803891414,0.5652520523681536
9204,0.5142577644304246,0.5652023441249618
9205,0.5142076487292813,0.5651526356242085
9206,0.5141575332857131,0.5651029268658827
9207,0.514107418099688,0.5650532178499827
9208,0.5140573031712111,0.5650035085765408
9209,0.514007188500293,0.5649537990455502
9210,0.513957074086895,0.5649040892570025
9211,0.5139069599310228,0.564854379210934
9212,0.5138568460327103,0.5648046689073398
9213,0.5138067323918916,0.5647549583461873
9214,0.5137566190086004,0.564705247527544
9215,0.5137065058827961,0.5646555364513703
9216,0.5136563930145233,0.5646058251177111
9217,0.5136062804037363,0.5645561135265221
9218,0.5135561680504127,0.564506401677848
9219,0.5135060559546013,0.5644566895717096
9220,0.5134559441162493,0.5644069772080602
9221,0.5134058325353917,0.5643572645869519
9222,0.5133557212119793,0.5643075517083493
9223,0.5133056101460308,0.5642578385723032
9224,0.5132554993375341,0.5642081251787929
9225,0.5132053887864816,0.5641584115278322
9226,0.5131552784928727,0.5641086976194274
9227,0.5131051684566964,0.5640589834535785
9228,0.5130550586779609,0.5640092690302996
9229,0.5130049491566381,0.5639595543495802
9230,0.5129548398927233,0.5639098394114482
9231,0.5129047308862287,0.5638601242159078
9232,0.5128546221371386,0.563810408762949
9233,0.5128045136454662,0.5637606930525857
9234,0.5127544054111517,0.5637109770848048
9235,0.5127042974342528,0.5636612608596673
9236,0.5126541897147261,0.5636115443771152
9237,0.5126040822525694,0.5635618276371905
9238,0.5125539750477855,0.5635121106398957
9239,0.512503868100354,0.5634623933852292
9240,0.5124537614103004,0.5634126758732122
9241,0.5124036549775873,0.5633629581038162
9242,0.5123535488022224,0.5633132400770815
9243,0.5123034428841985,0.5632635217929988
9244,0.5122533372235061,0.563213803251575
9245,0.5122032318201348,0.5631640844528213
9246,0.5121531266740971,0.5631143653967474
9247,0.5121030217853793,0.5630646460833386
9248,0.512052917153956,0.563014926512612
9249,0.5120028127798504,0.5629652066845896
9250,0.5119527086630338,0.5629154865992507
9251,0.5119026048035252,0.5628657662566239
9252,0.5118525012012926,0.5628160456566895
9253,0.5118023978563426,0.5627663247994792
9254,0.5117522947686616,0.5627166036849875
9255,0.5117021919382583,0.5626668823132276
9256,0.511652089365121,0.5626171606841905
9257,0.5116019870492372,0.5625674387978858
9258,0.5115518849906165,0.5625177166543305
9259,0.511501783189221,0.5624679942535127
9260,0.5114516816450938,0.5624182715954691
9261,0.5114015803581764,0.562368548680159
9262,0.511351479328508,0.5623188255076386
9263,0.5113013785560421,0.5622691020778701
9264,0.5112512780408138,0.5622193783908981
9265,0.5112011777827787,0.5621696544466905
9266,0.5111510777819813,0.5621199302452908
9267,0.5111009780383668,0.5620702057866527
9268,0.5110508785519483,0.5620204810708331
9269,0.5110007793227087,0.5619707560978171
9270,0.510950680350665,0.5619210308676227
9271,0.5109005816357949,0.5618713053802337
9272,0.5108504831781041,0.5618215796356711
9273,0.5108003849775747,0.56177185363393
9274,0.5107502870342144,0.5617221273750284
9275,0.5107001893480019,0.5616724008589565
9276,0.5106500919189552,0.5616226740857396
9277,0.5105999947470138,0.5615729470553552
9278,0.5105498978322544,0.5615232197678675
9279,0.5104998011746122,0.5614734922231986
9280,0.510449704774097,0.5614237644214124
9281,0.5103996086306982,0.561374036362499
9282,0.5103495127444266,0.5613243080464714
9283,0.5102994171152454,0.5612745794733146
9284,0.5102493217431924,0.5612248506430693
9285,0.5101992266282328,0.5611751215556962
9286,0.5101491317703649,0.5611253922112307
9287,0.510099037169585,0.5610756626096736
9288,0.5100489428258951,0.5610259327510283
9289,0.5099988487392868,0.5609762026352945
9290,0.5099487549097299,0.5609264722624788
9291,0.5098986613372553,0.5608767416326126
9292,0.5098485680218493,0.5608270107456648
9293,0.5097984749634755,0.5607772796016484
9294,0.5097483821621717,0.5607275482006007
9295,0.5096982896179059,0.5606778165424829
9296,0.5096481973306846,0.560628084627328
9297,0.50959810530049,0.5605783524551292
9298,0.509548013527327,0.5605286200259034
9299,0.5094979220111939,0.5604788873396489
9300,0.5094478307520639,0.5604291543963629
9301,0.5093977397499525,0.5603794211960738
9302,0.5093476490048492,0.5603296877387683
9303,0.5092975585167523,0.5602799540244535
9304,0.509247468285648,0.5602302200531336
9305,0.5091973783115296,0.5601804858248216
9306,0.5091472885944067,0.5601307513395238
9307,0.509097199134249,0.5600810165972316
9308,0.5090471099310755,0.5600312815979734
9309,0.5089970209848742,0.5599815463417321
9310,0.5089469322956166,0.5599318108285198
9311,0.5088968438633427,0.5598820750583634
9312,0.5088467556880139,0.5598323390312248
9313,0.5087966677696237,0.55978260274714
9314,0.5087465801081935,0.559732866206117
9315,0.508696492703685,0.5596831294081364
9316,0.5086464055561202,0.5596333923532334
9317,0.5085963186654724,0.5595836550413862
9318,0.5085462320317469,0.5595339174726237
9319,0.5084961456549467,0.5594841796469392
9320,0.5084460595350526,0.5594344415643291
9321,0.5083959736720629,0.559384703224815
9322,0.5083458880659552,0.559334964628395
9323,0.508295802716765,0.5592852257750949
9324,0.5082457176244678,0.5592354866648763
9325,0.5081956327890379,0.5591857472977673
9326,0.5081455482104812,0.5591360076737893
9327,0.5080954638888182,0.5590862677929397
9328,0.5080453798240292,0.5590365276551974
9329,0.5079952960160823,0.5589867872605796
9330,0.507945212465009,0.5589370466091209
9331,0.5078951291707827,0.5588873057007893
9332,0.5078450461334141,0.5588375645356121
9333,0.5077949633528803,0.558787823113577
9334,0.5077448808291765,0.5587380814347065
9335,0.5076947985623215,0.5586883394990079
9336,0.5076447165522934,0.5586385973064592
9337,0.5075946347990745,0.5585888548570852
9338,0.5075445533026722,0.5585391121509029
9339,0.507494472063092,0.5584893691879024
9340,0.5074443910803165,0.5584396259680815
9341,0.5073943103543427,0.5583898824914563
9342,0.5073442298851611,0.5583401387580297
9343,0.5072941496727708,0.5582903947678128
9344,0.5072440697171825,0.5582406505208035
9345,0.5071939900183546,0.5581909060169918
9346,0.5071439105763286,0.5581411612564213
9347,0.5070938313910514,0.5580914162390495
9348,0.5070437524625413,0.5580416709649281
9349,0.5069936737908038,0.5579919254340413
9350,0.5069435953758171,0.5579421796463816
9351,0.5068935172175772,0.5578924336019719
9352,0.5068434393160928,0.5578426873008162
9353,0.5067933616713416,0.5577929407429055
9354,0.5067432842833426,0.5577431939282603
9355,0.5066932071520488,0.557693446856865
9356,0.5066431302774882,0.5576436995287648
9357,0.5065930536596613,0.5575939519439305
9358,0.5065429772985485,0.5575442041023635
9359,0.5064929011941451,0.557494456004084
9360,0.5064428253464369,0.5574447076490936
9361,0.5063927497554428,0.5573949590374083
9362,0.5063426744211513,0.5573452101690106
9363,0.5062925993435341,0.55729546104391
9364,0.5062425245226129,0.5572457116621359
9365,0.5061924499583694,0.5571959620236668
9366,0.5061423756507981,0.5571462121285196
9367,0.5060923015999136,0.5570964619767003
9368,0.5060422278056851,0.557046711568195
9369,0.5059921542681373,0.5569969609030336
9370,0.505942080987222,0.5569472099811934
9371,0.5058920079629728,0.5568974588027199
9372,0.5058419351953658,0.5568477073675802
9373,0.5057918626844102,0.5567979556757985
9374,0.505741790430079,0.5567482037273661
9375,0.5056917184323902,0.556698451522311
9376,0.5056416466913268,0.5566486990606132
9377,0.5055915752068834,0.5565989463422903
9378,0.5055415039790712,0.5565491933673485
9379,0.5054914330078545,0.5564994401357748
9380,0.5054413622932492,0.5564496866476045
9381,0.5053912918352689,0.5563999329028255
9382,0.5053412216338644,0.5563501789014216
9383,0.5052911516890662,0.5563004246434418
9384,0.5052410820008622,0.5562506701288551
9385,0.5051910125692239,0.5562009153576755
9386,0.5051409433941845,0.5561511603299314
9387,0.5050908744757169,0.556101405045587
9388,0.5050408058138167,0.5560516495046721
9389,0.5049907374084828,0.5560018937071907
9390,0.5049406692597166,0.5559521376531433
9391,0.5048906013675009,0.5559023813425279
9392,0.5048405337318346,0.5558526247753635
9393,0.5047904663527162,0.5558028679516479
9394,0.5047403992301481,0.5557531108713848
9395,0.504690332364118,0.5557033535345736
9396,0.5046402657546173,0.5556535959412243
9397,0.504590199401636,0.5556038380913462
9398,0.5045401333051905,0.5555540799849478
9399,0.5044900674652455,0.5555043216220151
9400,0.504440001881835,0.5554545630025807
9401,0.5043899365549476,0.5554048041266132
9402,0.5043398714845424,0.5553550449941231
9403,0.5042898066706467,0.5553052856051515
9404,0.5042397421132305,0.5552555259596692
9405,0.5041896778123247,0.5552057660577089
9406,0.5041396137678995,0.5551560058992395
9407,0.5040895499799548,0.5551062454842888
9408,0.5040394864485009,0.5550564848128579
9409,0.5039894231735188,0.5550067238849361
9410,0.5039393601549934,0.5549569627005442
9411,0.5038892973929298,0.5549072012596945
9412,0.5038392348873376,0.5548574395623818
9413,0.5037891726381961,0.5548076776086017
9414,0.5037391106454983,0.5547579153983684
9415,0.5036890489092603,0.5547081529316936
9416,0.50363898742945,0.5546583902085578
9417,0.5035889262060811,0.5546086272289964
9418,0.5035388652391376,0.5545588639929917
9419,0.5034888045286438,0.554509100500563
9420,0.5034387440745499,0.5544593367516866
9421,0.5033886838768855,0.5544095727464078
9422,0.5033386239356396,0.5543598084847006
9423,0.5032885642507938,0.5543100439665766
9424,0.5032385048223686,0.5542602791920517
9425,0.5031884456503344,0.5542105141611071
9426,0.5031383867346946,0.5541607488737708
9427,0.5030883280754509,0.5541109833300413
9428,0.503038269672602,0.5540612175299167
9429,0.5029882115261317,0.5540114514733955
9430,0.5029381536360368,0.5539616851604959
9431,0.5028880960023077,0.5539119185912244
9432,0.5028380386249603,0.553862151765584
9433,0.5027879815039956,0.5538123846835639
9434,0.5027379246393616,0.553762617345161
9435,0.5026878680310984,0.5537128497504277
9436,0.5026378116791902,0.5536630818993249
9437,0.5025877555836252,0.5536133137918665
9438,0.5025376997444123,0.553563545428065
9439,0.5024876441615359,0.5535137768079117
9440,0.5024375888349933,0.5534640079314219
9441,0.5023875337647785,0.5534142387986
9442,0.5023374789509064,0.5533644694094488
9443,0.5022874243933264,0.5533146997639554
9444,0.5022373700920896,0.5532649298621717
9445,0.5021873160471705,0.5532151597040436
9446,0.5021372622585389,0.5531653892895994
9447,0.5020872087262285,0.5531156186188667
9448,0.5020371554502122,0.5530658476918142
9449,0.5019871024304982,0.5530160765084671
9450,0.5019370496670711,0.5529663050688173
9451,0.5018869971599399,0.5529165333728825
9452,0.5018369449091012,0.5528667614206504
9453,0.5017868929145193,0.5528169892121279
9454,0.5017368411762183,0.5527672167473479
9455,0.5016867896941943,0.5527174440262879
9456,0.5016367384684495,0.5526676710489492
9457,0.5015866874989526,0.5526178978153334
9458,0.5015366367857162,0.5525681243254699
9459,0.5014865863287471,0.5525183505793448
9460,0.5014365361280061,0.5524685765769535
9461,0.5013864861835243,0.552418802318335
9462,0.5013364364952837,0.5523690278034576
9463,0.5012863870632926,0.5523192530323375
9464,0.5012363378875142,0.5522694780049704
9465,0.5011862889679973,0.5522197027213886
9466,0.5011362403046709,0.5521699271815479
9467,0.5010861918975866,0.5521201513855145
9468,0.501036143746714,0.5520703753332414
9469,0.500986095852049,0.5520205990247566
9470,0.5009360482136075,0.5519708224600635
9471,0.5008860008313607,0.5519210456391475
9472,0.5008359537053205,0.551871268562037
9473,0.5007859068354757,0.5518214912287195
9474,0.5007358602218266,0.5517717136392077
9475,0.5006858138643567,0.5517219357935015
9476,0.500635767763085,0.5516721576916145
9477,0.5005857219179851,0.5516223793335302
9478,0.5005356763290637,0.5515726007192752
9479,0.5004856309963192,0.551522821848841
9480,0.5004355859197461,0.5514730427222292
9481,0.5003855410993331,0.5514232633394476
9482,0.5003354965350644,0.5513734837005055
9483,0.500285452226972,0.5513237038054196
9484,0.5002354081750382,0.5512739236541574
9485,0.5001853643792475,0.5512241432467371
9486,0.5001353208395916,0.5511743625831746
9487,0.5000852775560808,0.5511245816634778
9488,0.5000352345287171,0.5510748004876331
9489,0.4999851917574851,0.5510250190556449
9490,0.4999351492423624,0.5509752373675225
9491,0.4998851069833863,0.5509254554232925
9492,0.4998350649805201,0.5508756732229176
9493,0.4997850232337786,0.5508258907664307
9494,0.4997349817431447,0.5507761080538194
9495,0.49968494050861934,0.5507263250851018
9496,0.49963489953020934,0.5506765418602744
9497,0.4995848588078998,0.5506267583793332
9498,0.4995348183416761,0.5505769746422932
9499,0.4994847781315568,0.5505271906491647
9500,0.4994347381775337,0.5504774063999331
9501,0.49938469847958766,0.5504276218946068
9502,0.49933465903772856,0.5503778371332021
9503,0.4992846198519427,0.5503280521157108
9504,0.49923458092222883,0.5502782668421471
9505,0.4991845422485903,0.5502284813125106
9506,0.4991345038310264,0.5501786955267993
9507,0.49908446566951126,0.5501289094850131
9508,0.49903442776408413,0.5500791231871789
9509,0.4989843901146904,0.5500293366332576
9510,0.4989343527213428,0.5499795498233044
9511,0.4988843155840512,0.5499297627573018
9512,0.4988342787028094,0.5498799754352455
9513,0.4987842420776052,0.5498301878571399
9514,0.49873420570843807,0.5497804000229959
9515,0.49868416959530093,0.549730611932814
9516,0.4986341337382012,0.5496808235866038
9517,0.49858409813710725,0.5496310349843554
9518,0.49853406279205825,0.5495812461261028
9519,0.49848402770302425,0.5495314570118044
9520,0.4984339928699919,0.5494816676414925
9521,0.49838395829299853,0.5494318780151775
9522,0.49833392397198417,0.5493820881328253
9523,0.49828388990698114,0.5493322979944935
9524,0.49823385609797044,0.5492825076001489
9525,0.4981838225449793,0.5492327169498143
9526,0.49813378924795426,0.5491829260434604
9527,0.49808375620694245,0.5491331348811384
9528,0.4980337234219002,0.5490833434628057
9529,0.49798369089284145,0.5490335517885023
9530,0.4979336586197707,0.5489837598582161
9531,0.49788362660267305,0.5489339676719427
9532,0.4978335948415299,0.5488841752296955
9533,0.49778356333637364,0.5488343825314939
9534,0.49773353208716964,0.548784589577306
9535,0.4976835010939358,0.548734796367165
9536,0.49763347035664185,0.5486850029010553
9537,0.49758343987530007,0.5486352091790042
9538,0.49753340964993276,0.5485854152010026
9539,0.4974833796804914,0.5485356209670269
9540,0.4974333499670005,0.5484858264771257
9541,0.49738332050945133,0.5484360317312719
9542,0.497333291307831,0.5483862367294775
9543,0.49728326236213927,0.5483364414717553
9544,0.49723323367239347,0.5482866459581051
9545,0.4971832052385622,0.5482368501885082
9546,0.49713317706063886,0.5481870541629957
9547,0.49708314913864293,0.5481372578815774
9548,0.4970331214725572,0.5480874613442317
9549,0.4969830940623907,0.548037664550975
9550,0.496933066908135,0.5479878675017993
9551,0.49688304000977723,0.5479380701967118
9552,0.4968330133673088,0.5478882726357307
9553,0.49678298698076206,0.5478384748188566
9554,0.4967329608500941,0.5477886767460609
9555,0.49668293497531457,0.547738878417388
9556,0.49663290935641924,0.5476890798328264
9557,0.496582883993415,0.5476392809923816
9558,0.4965328588862752,0.5475894818960442
9559,0.49648283403503335,0.5475396825438447
9560,0.49643280943965884,0.5474898829357455
9561,0.4963827851001439,0.5474400830717794
9562,0.49633276101650714,0.5473902829519537
9563,0.4962827371887293,0.5473404825762517
9564,0.4962327136167983,0.5472906819446881
9565,0.4961826903007476,0.5472408810572791
9566,0.4961326672405383,0.5471910799139912
9567,0.496082644436173,0.5471412785148613
9568,0.4960326218876646,0.5470914768598865
9569,0.4959825995949788,0.5470416749490552
9570,0.495932577558159,0.5469918727824016
9571,0.49588255577716867,0.5469420703598833
9572,0.49583253425200424,0.546892267681534
9573,0.49578251298266784,0.54684246474736
9574,0.49573249196916314,0.5467926615573563
9575,0.49568247121147624,0.5467428581115229
9576,0.4956324507096175,0.5466930544098715
9577,0.49558243046357164,0.5466432504523917
9578,0.4955324104733313,0.5465934462391002
9579,0.49548239073892075,0.5465436417700014
9580,0.4954323712602987,0.5464938370450738
9581,0.4953823520374835,0.5464440320643582
9582,0.49533233307046953,0.5463942268278354
9583,0.4952823143592485,0.5463444213355115
9584,0.4952322959038453,0.546294615587394
9585,0.4951822777042123,0.546244809583461
9586,0.49513225976037,0.5461950033237564
9587,0.4950822420723051,0.5461451968082596
9588,0.49503222464002605,0.5460953900369883
9589,0.4949822074635346,0.5460455830099293
9590,0.49493219054280835,0.5459957757270857
9591,0.49488217387786704,0.5459459681884746
9592,0.4948321574686967,0.545896160394079
9593,0.49478214131525844,0.5458463523439119
9594,0.49473212541760603,0.5457965440380139
9595,0.4946821097757139,0.5457467354763288
9596,0.4946320943895741,0.5456969266588838
9597,0.49458207925919395,0.54564711758569
9598,0.4945320643845543,0.5455973082567315
9599,0.49448204976566557,0.5455474986720339
9600,0.49443203540252645,0.5454976888315874
9601,0.494382021295124,0.54544787873539
9602,0.49433200744345374,0.5453980683834581
9603,0.4942819938475328,0.5453482577757911
9604,0.49423198050732664,0.5452984469123774
9605,0.4941819674228527,0.5452486357932483
9606,0.4941319545941101,0.5451988244183852
9607,0.4940819420210846,0.5451490127877918
9608,0.4940319297037753,0.545099200901483
9609,0.49398191764218224,0.5450493887594547
9610,0.49393190583631896,0.5449995763617138
9611,0.4938818942861529,0.5449497637082412
9612,0.49383188299169667,0.5448999507990724
9613,0.49378187195294765,0.5448501376341925
9614,0.4937318611698922,0.5448003242136074
9615,0.493681850642546,0.5447505105373263
9616,0.4936318403708907,0.5447006966053397
9617,0.49358183035492476,0.5446508824176587
9618,0.49353182059464884,0.5446010679742894
9619,0.49348181109006184,0.5445512532752306
9620,0.49343180184116164,0.5445014383204827
9621,0.4933817928479354,0.5444516231100488
9622,0.49333178411039036,0.5444018076439412
9623,0.4932817756285278,0.5443519919221502
9624,0.49323176740231955,0.5443021759446794
9625,0.49318175943180587,0.5442523597115512
9626,0.4931317517169481,0.5442025432227316
9627,0.4930817442577331,0.5441527264782547
9628,0.4930317370542099,0.5441029094781358
9629,0.49298173010633306,0.5440530922223241
9630,0.4929317234141065,0.5440032747108667
9631,0.4928817169775348,0.5439534569437594
9632,0.4928317107966136,0.5439036389209974
9633,0.49278170487134887,0.543853820642584
9634,0.49273169920171345,0.5438040021085135
9635,0.4926816937877222,0.5437541833188145
9636,0.49263168862937023,0.5437043642734731
9637,0.49258168372664346,0.543654544972491
9638,0.4925316790795664,0.5436047254158836
9639,0.4924816746880998,0.5435549056036271
9640,0.49243167055227455,0.5435050855357575
9641,0.4923816666720717,0.5434552652122502
9642,0.49233166304749143,0.5434054446331187
9643,0.492281659678533,0.5433556237983665
9644,0.492231656565177,0.5433058027079904
9645,0.4921816537074559,0.5432559813620123
9646,0.4921316511053233,0.5432061597604004
9647,0.4920816487588022,0.5431563379031985
9648,0.49203164666790467,0.543106515790386
9649,0.49198164483258067,0.5430566934219498
9650,0.49193164325287975,0.5430068707979407
9651,0.4918816419287626,0.5429570479183066
9652,0.4918316408602528,0.542907224783092
9653,0.4917816400473285,0.5428574013922671
9654,0.49173163948998877,0.5428075777458579
9655,0.4916816391882435,0.5427577538438637
9656,0.49163163914208075,0.5427079296862752
9657,0.49158163935148425,0.5426581052731045
9658,0.4915316398164745,0.5426082806043693
9659,0.49148164053705057,0.5425584556800449
9660,0.4914316415131894,0.5425086305001354
9661,0.4913816427448977,0.5424588050646634
9662,0.4913316442321789,0.5424089793736198
9663,0.4912816459750242,0.5423591534270045
9664,0.4912316479734198,0.5423093272248274
9665,0.49118165022740434,0.5422595007670976
9666,0.4911316527369348,0.5422096740537796
9667,0.491081655502009,0.5421598470849138
9668,0.4910316585226512,0.5421100198605071
9669,0.49098166179882496,0.542060192380531
9670,0.490931665330559,0.5420103646450237
9671,0.4908816691178425,0.5419605366539573
9672,0.4908316731606559,0.5419107084073402
9673,0.49078167745900725,0.541860879905193
9674,0.4907316820129146,0.5418110511475083
9675,0.4906816868223458,0.5417612221342674
9676,0.4906316918873026,0.5417113928655015
9677,0.4905816972077979,0.5416615633412117
9678,0.4905317027838173,0.5416117335613828
9679,0.49048170861535945,0.5415619035260302
9680,0.4904317147024264,0.5415120732351542
9681,0.4903817210450103,0.5414622426887532
9682,0.4903317276431146,0.5414124118868351
9683,0.4902817344967414,0.541362580829398
9684,0.4902317416058728,0.541312749516438
9685,0.49018174897052047,0.5412629179479702
9686,0.4901317565906669,0.5412130861239899
9687,0.49008176446633056,0.5411632540445093
9688,0.49003177259749586,0.5411134217095119
9689,0.48998178098414513,0.5410635891190133
9690,0.48993178962631456,0.5410137562730306
9691,0.48988179852395874,0.5409639231715264
9692,0.4898318076771009,0.5409140898145479
9693,0.4897818170857402,0.5408642562020716
9694,0.4897318267498747,0.5408144223340987
9695,0.4896818366694724,0.5407645882106302
9696,0.48963184684459093,0.5407147538316988
9697,0.48958185727515835,0.5406649191972459
9698,0.4895318679612223,0.5406150843073441
9699,0.4894818789027693,0.5405652491619446
9700,0.4894318900997756,0.5405154137610634
9701,0.4893819015522618,0.5404655781047228
9702,0.4893319132602092,0.540415742192903
9703,0.4892819252236369,0.5403659060256213
9704,0.4892319374425169,0.5403160696028597
9705,0.489181949916877,0.5402662329246424
9706,0.48913196264669834,0.5402163959909494
9707,0.4890819756319579,0.5401665588017943
9708,0.4890319888726795,0.5401167213571991
9709,0.4889820023688719,0.5400668836571423
9710,0.48893201612049797,0.5400170457016147
9711,0.48888203012758236,0.5399672074906532
9712,0.48883204439011885,0.5399173690242361
9713,0.48878205890808846,0.539867530302363
9714,0.4887320736815216,0.5398176913250583
9715,0.48868208871038066,0.5397678520922905
9716,0.48863210399468915,0.5397180126040947
9717,0.4885821195344231,0.5396681728604525
9718,0.4885321353296006,0.5396183328613837
9719,0.48848215138019735,0.5395684926068698
9720,0.4884321676862343,0.5395186520969371
9721,0.4883821842477092,0.5394688113315649
9722,0.48833220106458475,0.5394189703107537
9723,0.48828221813689754,0.5393691290345427
9724,0.4882322354646389,0.5393192875028949
9725,0.48818225304780016,0.5392694457158185
9726,0.48813227088637046,0.5392196036733204
9727,0.4880822889803582,0.5391697613754134
9728,0.48803230732975356,0.5391199188220916
9729,0.48798232593456325,0.5390700760133584
9730,0.4879323447947871,0.5390202329492123
9731,0.4878823639104113,0.5389703896296526
9732,0.4878323832814504,0.5389205460546909
9733,0.4877824029078843,0.5388707022243164
9734,0.4877324227897162,0.5388208581385454
9735,0.4876824429269593,0.5387710137973765
9736,0.48763246331959564,0.5387211692007975
9737,0.4875824839676235,0.5386713243488237
9738,0.48753250487104194,0.5386214792414581
9739,0.4874825260298423,0.5385716338787039
9740,0.4874325474440573,0.5385217882605664
9741,0.4873825691136333,0.5384719423870137
9742,0.4873325910386167,0.5384220962581014
9743,0.48728261321897404,0.5383722498737792
9744,0.4872326356546999,0.5383224032340848
9745,0.48718265834583196,0.5382725563390205
9746,0.4871326812923187,0.5382227091885512
9747,0.48708270449417923,0.538172861782727
9748,0.48703272795143016,0.5381230141215285
9749,0.4869827516640366,0.5380731662049398
9750,0.486932775632018,0.5380233180329954
9751,0.48688279985535876,0.5379734696056752
9752,0.48683282433407404,0.5379236209229963
9753,0.48678284906815517,0.5378737719849437
9754,0.48673287405759313,0.5378239227915227
9755,0.48668289930238684,0.5377740733427445
9756,0.4866329248025414,0.5377242236386133
9757,0.486582950558058,0.5376743736791184
9758,0.48653297656891215,0.5376245234642631
9759,0.48648300283514034,0.5375746729940702
9760,0.48643302935671673,0.5375248222685028
9761,0.4863830561336233,0.5374749712875873
9762,0.4863330831658932,0.5374251200513405
9763,0.4862831104534939,0.537375268559731
9764,0.4862331379964514,0.5373254168127914
9765,0.4861831657947445,0.5372755648104925
9766,0.4861331938483807,0.5372257125528603
9767,0.4860832221573419,0.5371758600398826
9768,0.4860332507216548,0.5371260072715811
9769,0.4859832795412863,0.5370761542479288
9770,0.48593330861626316,0.5370263009689564
9771,0.48588333794657657,0.5369764474346388
9772,0.4858333675322103,0.5369265936449856
9773,0.4857833973731539,0.5368767396000109
9774,0.48573342746944514,0.5368268852997256
9775,0.4856834578210627,0.5367770307440927
9776,0.48563348842799003,0.5367271759331338
9777,0.4855835192902408,0.5366773208668658
9778,0.4855335504078062,0.5366274655452719
9779,0.48548358178068995,0.5365776099683641
9780,0.48543361340888214,0.5365277541361393
9781,0.48538364529242006,0.5364778980486051
9782,0.48533367743124844,0.5364280417057234
9783,0.48528370982536395,0.5363781851075542
9784,0.4852337424748072,0.5363283282540947
9785,0.4851837753795549,0.536278471145311
9786,0.48513380853961685,0.5362286137812192
9787,0.485083841954995,0.5361787561618145
9788,0.4850338756256529,0.5361288982870922
9789,0.4849839095516031,0.536079040157091
9790,0.4849339437328789,0.5360291817717973
9791,0.48488397816943685,0.5359793231311777
9792,0.48483401286127803,0.5359294642352765
9793,0.4847840478084239,0.5358796050840912
9794,0.4847340830108714,0.5358297456776018
9795,0.4846841184686028,0.5357798860158101
9796,0.4846341541816135,0.5357300260987335
9797,0.48458419014992216,0.5356801659263785
9798,0.4845342263735133,0.535630305498725
9799,0.48448426285239055,0.5355804448157877
9800,0.4844342995865438,0.5355305838775664
9801,0.4843843365759889,0.5354807226840671
9802,0.48433437382070754,0.5354308612352756
9803,0.484284411320716,0.5353809995312109
9804,0.48423444907597135,0.5353311375718575
9805,0.4841844870865357,0.5352812753572567
9806,0.484134525352353,0.5352314128873462
9807,0.4840845638734559,0.5351815501621818
9808,0.48403460264982,0.5351316871817329
9809,0.4839846416814515,0.5350818239460222
9810,0.4839346809683651,0.5350319604550433
9811,0.483884720510535,0.5349820967087824
9812,0.483834760307978,0.5349322327072658
9813,0.48378480036067306,0.5348823684504743
9814,0.4837348406686257,0.5348325039384323
9815,0.4836848812318508,0.5347826391711317
9816,0.4836349220503392,0.5347327741485575
9817,0.48358496312408206,0.5346829088707207
9818,0.4835350044530764,0.534633043337631
9819,0.48348504603732234,0.5345831775492875
9820,0.4834350878768192,0.5345333115056918
9821,0.4833851299715869,0.5344834452068465
9822,0.4833351723215933,0.5344335786527292
9823,0.4832852149268503,0.5343837118433725
9824,0.483235257787354,0.534333844778767
9825,0.48318530090310574,0.5342839774589139
9826,0.48313534427410476,0.5342341098838124
9827,0.4830853879003487,0.5341842420534616
9828,0.4830354317818353,0.5341343739678679
9829,0.48298547591855634,0.5340845056270316
9830,0.48293552031053144,0.5340346370309589
9831,0.4828855649577236,0.5339847681796315
9832,0.48283560986017704,0.5339348990730886
9833,0.48278565501786375,0.5338850297112837
9834,0.48273570043077485,0.5338351600942459
9835,0.48268574609892023,0.5337852902219825
9836,0.4826357920222941,0.5337354200944842
9837,0.48258583820091094,0.5336855497117582
9838,0.4825358846347476,0.5336356790737883
9839,0.48248593132382567,0.5335858081805995
9840,0.4824359782681199,0.5335359370321673
9841,0.4823860254676501,0.5334860656285196
9842,0.48233607292240466,0.533436193969637
9843,0.4822861206323654,0.5333863220555288
9844,0.4822361685975596,0.5333364498862139
9845,0.48218621681798635,0.5332865774616659
9846,0.4821362652936274,0.5332367047818846
9847,0.48208631402449165,0.5331868318468889
9848,0.48203636301055675,0.5331369586566697
9849,0.48198641225184846,0.5330870852112488
9850,0.48193646174835525,0.533037211510603
9851,0.481886511500078,0.5329873375547406
9852,0.48183656150702747,0.5329374633436627
9853,0.4817866117691678,0.532887588877357
9854,0.4817366622865136,0.5328377141558589
9855,0.4816867130590876,0.5327878391791563
9856,0.48163676408687084,0.5327379639472263
9857,0.48158681536985504,0.5326880884600855
9858,0.4815368669080393,0.5326382127177444
9859,0.4814869187014398,0.5325883367202011
9860,0.4814369707500572,0.5325384604674444
9861,0.4813870230538544,0.5324885839594679
9862,0.4813370756128732,0.5324387071963127
9863,0.4812871284270773,0.5323888301779355
9864,0.48123718149649075,0.5323389529043732
9865,0.4811872348210956,0.5322890753755998
9866,0.48113728840089676,0.5322391975916367
9867,0.48108734223591487,0.5321893195524752
9868,0.4810373963261101,0.5321394412580978
9869,0.48098745067148996,0.5320895627085431
9870,0.4809375052720912,0.5320396839038016
9871,0.4808875601278658,0.5319898048438416
9872,0.48083761523885915,0.531939925528705
9873,0.48078767060502403,0.5318900459583509
9874,0.4807377262263778,0.5318401661328251
9875,0.4806877821029114,0.5317902860521089
9876,0.48063783823464723,0.5317404057162133
9877,0.4805878946215697,0.5316905251251163
9878,0.48053795126367194,0.53164064427883
9879,0.4804880081609838,0.5315907631773656
9880,0.48043806531345634,0.531540881820691
9881,0.48038812272110376,0.5314910002088553
9882,0.48033818038396503,0.5314411183418449
9883,0.48028823830197864,0.5313912362196187
9884,0.4802382964751942,0.5313413538422421
9885,0.4801883549035757,0.5312914712096618
9886,0.4801384135871405,0.5312415883219144
9887,0.4800884725258895,0.5311917051789858
9888,0.48003853171980804,0.5311418217808712
9889,0.4799885911689159,0.5310919381275876
9890,0.4799386508731873,0.5310420542191148
9891,0.47988871083262996,0.5309921700554772
9892,0.47983877104724315,0.5309422856366677
9893,0.47978883151704443,0.5308924009626881
9894,0.4797388922420156,0.5308425160335195
9895,0.4796889532221491,0.5307926308491814
9896,0.47963901445744994,0.5307427454096796
9897,0.4795890759479451,0.53069285971501
9898,0.4795391376935918,0.5306429737651478
9899,0.4794891996944016,0.5305930875601331
9900,0.4794392619503838,0.5305432010999538
9901,0.4793893244615377,0.5304933143846047
9902,0.4793393872278644,0.5304434274140819
9903,0.479289450249343,0.5303935401883838
9904,0.4792395135259897,0.5303436527075354
9905,0.4791895770577944,0.5302937649715187
9906,0.4791396408447699,0.5302438769803437
9907,0.47908970488691627,0.5301939887339968
9908,0.47903976918421254,0.5301441002324798
9909,0.4789898337366707,0.5300942114758113
9910,0.4789398985442941,0.5300443224639827
9911,0.47888996360706804,0.5299944331969865
9912,0.47884002892501487,0.5299445436748397
9913,0.47879009449810805,0.5298946538975211
9914,0.47874016032635525,0.5298447638650534
9915,0.4786902264097701,0.5297948735774343
9916,0.4786402927483434,0.5297449830346459
9917,0.47859035934205396,0.529695092236698
9918,0.47854042619094805,0.5296452011836134
9919,0.4784904932949725,0.5295953098753448
9920,0.4784405606541584,0.5295454183119443
9921,0.47839062826849754,0.5294955264933834
9922,0.4783406961379917,0.5294456344196699
9923,0.47829076426263384,0.5293957420907993
9924,0.47824083264242734,0.5293458495067819
9925,0.47819090127737396,0.5292959566676116
9926,0.47814097016746115,0.5292460635732883
9927,0.4780910393127058,0.5291961702238228
9928,0.4780411087131081,0.5291462766192001
9929,0.4779911783686528,0.5290963827594204
9930,0.4779412482793475,0.5290464886444978
9931,0.4778913184451823,0.5289965942744245
9932,0.477841388866168,0.528946699649211
9933,0.4777914595422954,0.5288968047688463
9934,0.47774153047357504,0.5288469096333396
9935,0.47769160165999924,0.5287970142426802
9936,0.47764167310156846,0.5287471185968748
9937,0.47759174479827793,0.5286972226959255
9938,0.4775418167501352,0.5286473265398355
9939,0.4774918889571287,0.528597430128596
9940,0.47744196141928186,0.5285475334622218
9941,0.4773920341365504,0.5284976365406874
9942,0.47734210710898406,0.5284477393640356
9943,0.47729218033656085,0.5283978419322197
9944,0.47724225381926355,0.5283479442452599
9945,0.4771923275571097,0.5282980463031735
9946,0.477142401550112,0.5282481481059436
9947,0.4770924757982422,0.5281982496535564
9948,0.4770425503015041,0.5281483509460428
9949,0.47699262505991924,0.5280984519833957
9950,0.47694270007346806,0.5280485527655954
9951,0.4768927753421459,0.5279986532926617
9952,0.47684285086597855,0.5279487535645978
9953,0.4767929266449238,0.5278988535813782
9954,0.4767430026790389,0.5278489533430456
9955,0.47669307896827007,0.5277990528495451
9956,0.4766431555126406,0.5277491521009264
9957,0.4765932323121522,0.5276992510971685
9958,0.47654330936677913,0.5276493498382688
9959,0.47649338667656393,0.5275994483242517
9960,0.4764434642414779,0.5275495465550792
9961,0.47639354206154294,0.527499644530776
9962,0.4763436201367124,0.5274497422513208
9963,0.4762936984670266,0.5273998397167607
9964,0.47624377705248544,0.5273499369270567
9965,0.4761938558930747,0.5273000338822071
9966,0.4761439349887898,0.527250130582227
9967,0.4760940143396478,0.5272002270271205
9968,0.47604409394562963,0.5271503232168705
9969,0.4759941738067518,0.5271004191514972
9970,0.4759442539229981,0.5270505148309822
9971,0.47589433429438377,0.5270006102553426
9972,0.47584441492090135,0.5269507054245633
9973,0.4757944958025426,0.5269008003386517
9974,0.47574457693931604,0.5268508949976171
9975,0.47569465833123625,0.5268009894014493
9976,0.47564473997827483,0.5267510835501337
9977,0.4755948218804429,0.5267011774437
9978,0.4755449040377413,0.526651271082136
9979,0.4754949864501783,0.5266013644654417
9980,0.47544506911773843,0.5265514575936062
9981,0.47539515204043137,0.5265015504666495
9982,0.47534523521825967,0.5264516430845598
9983,0.47529531865121444,0.526401735447334
9984,0.47524540233930757,0.5263518275549819
9985,0.47519548628252717,0.52630191940749
9986,0.47514557048086914,0.5262520110048705
9987,0.4750956549343368,0.5262021023471307
9988,0.4750457396429346,0.5261521934342626
9989,0.4749958246066732,0.5261022842662637
9990,0.4749459098255301,0.5260523748431248
9991,0.47489599529952464,0.5260024651648672
9992,0.47484608102864634,0.5259525552314703
9993,0.47479616701289096,0.5259026450429471
9994,0.4747462532522758,0.5258527345993014
9995,0.4746963397467727,0.5258028239005129
9996,0.4746464264964182,0.5257529129466134
9997,0.47459651350118515,0.5257030017375637
9998,0.47454660076108746,0.5256530902733925
9999,0.47449668827610647,0.5256031785540864
10000,0.4744467760462585,0.5255532665796626
10001,0.474396864071544,0.5255033543501053
10002,0.4743469523519461,0.525453441865414
10003,0.47429704088748226,0.5254035291256043
10004,0.47424712967814175,0.5253536161306622
10005,0.47419721872394804,0.5253037028805958
10006,0.4741473080248687,0.5252537893753821
10007,0.4740973975809285,0.5252038756150559
10008,0.47404748739211044,0.5251539615995864
10009,0.4739975774584205,0.5251040473289954
10010,0.47394766777986785,0.525054132803277
10011,0.47389775835643433,0.5250042180224191
10012,0.4738478491881397,0.5249543029864445
10013,0.4737979402749759,0.5249043876953277
10014,0.47374803161693957,0.5248544721490802
10015,0.47369812321402227,0.5248045563477062
10016,0.47364821506623467,0.5247546402912104
10017,0.4735983071735841,0.5247047239795866
10018,0.4735483995360602,0.524654807412825
10019,0.4734984921536718,0.5246048905909351
10020,0.47344858502641407,0.5245549735139107
10021,0.4733986781542816,0.524505056181753
10022,0.47334877153728594,0.5244551385944723
10023,0.4732988651754233,0.5244052207520522
10024,0.47324895906868736,0.5243553026545011
10025,0.47319905321707156,0.5243053843018199
10026,0.4731491476206031,0.5242554656940195
10027,0.47309924227926614,0.5242055468310729
10028,0.47304933719305153,0.5241556277129912
10029,0.4729994323619696,0.524105708339788
10030,0.4729495277860266,0.5240557887114523
10031,0.4728996234652081,0.5240058688279752
10032,0.4728497193995318,0.5239559486893755
10033,0.47279981558897677,0.523906028295633
10034,0.4727499120335643,0.5238561076467674
10035,0.4727000087332789,0.5238061867427604
10036,0.4726501056881234,0.5237562655836239
10037,0.47260020289811266,0.5237063441693584
10038,0.47255030036324563,0.5236564224999476
10039,0.4725003980834852,0.5236065005753915
10040,0.4724504960588747,0.5235565783957298
10041,0.47240059428939263,0.5235066559609174
10042,0.47235069277506736,0.5234567332709752
10043,0.4723007915158599,0.5234068103258762
10044,0.47225089051179203,0.5233568871256595
10045,0.4722009897628643,0.5233069636703016
10046,0.472151089269052,0.523257039959804
10047,0.47210118903040954,0.5232071159941889
10048,0.47205128904687965,0.5231571917734055
10049,0.47200138931850466,0.5231072672975088
10050,0.4719514898452588,0.5230573425664558
10051,0.471901590627147,0.5230074175802736
10052,0.4718516916641877,0.5229574923389576
10053,0.4718017929563594,0.5229075668424874
10054,0.47175189450365895,0.5228576410908854
10055,0.4717019963061162,0.5228077150841555
10056,0.4716520983637147,0.5227577888222694
10057,0.47160220067644065,0.5227078623052386
10058,0.47155230324430997,0.5226579355330819
10059,0.47150240606734306,0.5226080085057805
10060,0.47145250914549053,0.5225580812233146
10061,0.4714026124788002,0.5225081536857326
10062,0.4713527160672448,0.5224582258929913
10063,0.4713028199108378,0.5224082978451124
10064,0.47125292400956975,0.5223583695420854
10065,0.4712030283634474,0.5223084409839163
10066,0.4711531329724694,0.5222585121706043
10067,0.47110323783664354,0.5222085831021461
10068,0.47105334295595824,0.5221586537785365
10069,0.4710034483304264,0.5221087241997837
10070,0.470953553960032,0.522058794365879
10071,0.47090365984478855,0.522008864276835
10072,0.47085376598468764,0.5219589339326389
10073,0.47080387237974364,0.521909003333302
10074,0.47075397902995664,0.5218590724788061
10075,0.47070408593531043,0.521809141369153
10076,0.4706541930958177,0.5217592100043572
10077,0.4706043005114766,0.5217092783844093
10078,0.4705544081822822,0.5216593465093078
10079,0.47050451610824473,0.5216094143790613
10080,0.4704546242893588,0.521559481993656
10081,0.4704047327256351,0.5215095493530981
10082,0.4703548414170402,0.5214596164573793
10083,0.4703049503636296,0.5214096833065279
10084,0.47025505956535596,0.5213597499004952
10085,0.47020516902223974,0.5213098162393227
10086,0.4701552787342942,0.5212598823229921
10087,0.4701053887014994,0.5212099481514912
10088,0.4700554989238527,0.5211600137248387
10089,0.4700056094013785,0.5211100790430392
10090,0.46995572013405407,0.5210601441060656
10091,0.46990583112189466,0.5210102089139425
10092,0.4698559423648967,0.5209602734666507
10093,0.4698060538630511,0.520910337764199
10094,0.46975616561637246,0.5208604018065957
10095,0.4697062776248663,0.5208104655938216
10096,0.46965638988851777,0.5207605291258767
10097,0.4696065024073375,0.5207105924027744
10098,0.46955661518130865,0.5206606554245026
10099,0.46950672821045425,0.5206107181910778
10100,0.46945684149476996,0.5205607807024791
10101,0.46940695503425656,0.5205108429587082
10102,0.46935706882890793,0.5204609049597676
10103,0.4693071828787124,0.5204109667056598
10104,0.46925729718370746,0.5203610281964015
10105,0.46920741174387115,0.5203110894319483
10106,0.4691575265591972,0.5202611504123278
10107,0.46910764162969276,0.5202112111375451
10108,0.46905775695537766,0.5201612716075911
10109,0.46900787253623055,0.520111331822448
10110,0.46895798837225655,0.5200613917821362
10111,0.4689081044634449,0.5200114514866507
10112,0.4688582208098233,0.5199615109360012
10113,0.4688083374113706,0.5199115701301638
10114,0.4687584542681015,0.519861629069154
10115,0.468708571380017,0.5198116877529613
10116,0.4686586887470968,0.5197617461815844
10117,0.4686088063693781,0.5197118043550404
10118,0.4685589242468129,0.519661862273295
10119,0.46850904237946067,0.519611919936396
10120,0.46845916076728256,0.5195619773442843
10121,0.4684092794102662,0.5195120344969961
10122,0.46835939830845963,0.5194620913945459
10123,0.46830951746183125,0.5194121480368867
10124,0.4682596368703904,0.519362204424048
10125,0.4682097565341503,0.5193122605560219
10126,0.46815987645309187,0.5192623164327929
10127,0.4681099966272204,0.5192123720543834
10128,0.4680601170565212,0.5191624274207853
10129,0.46801023774104045,0.5191124825320131
10130,0.46796035868073393,0.5190625373880241
10131,0.4679104798756468,0.5190125919888604
10132,0.4678606013257449,0.5189626463344755
10133,0.46781072303101956,0.5189127004249041
10134,0.4677608449915118,0.5188627542601559
10135,0.4677109672072006,0.5188128078401921
10136,0.46766108967807907,0.5187628611650286
10137,0.4676112124041667,0.5187129142346748
10138,0.46756133538544087,0.518662967049111
10139,0.4675114586219352,0.5186130196083614
10140,0.4674615821136101,0.5185630719123899
10141,0.4674117058605023,0.5185131239612395
10142,0.4673618298626081,0.518463175754869
10143,0.4673119541199162,0.518413227293284
10144,0.4672620786324231,0.5183632785764969
10145,0.4672122034001409,0.5183133296045117
10146,0.4671623284230848,0.518263380377312
10147,0.4671124537012361,0.5182134308948874
10148,0.4670625792345753,0.5181634811572555
10149,0.4670127050231435,0.5181135311644336
10150,0.46696283106692693,0.5180635809163834
10151,0.4669129573659261,0.5180136304131153
10152,0.46686308392014964,0.5179636796546333
10153,0.46681321072957516,0.5179137286409241
10154,0.46676333779422485,0.5178637773720132
10155,0.4667134651140862,0.5178138258478793
10156,0.4666635926891807,0.5177638740685309
10157,0.46661372051950933,0.5177139220339493
10158,0.4665638486050433,0.5176639697441341
10159,0.46651397694580155,0.5176140171991122
10160,0.46646410554179585,0.5175640643988642
10161,0.4664142343930051,0.517514111343381
10162,0.466364363499457,0.5174641580326818
10163,0.46631449286112625,0.5174142044667396
10164,0.46626462247804046,0.5173642506455775
10165,0.46621475235018206,0.5173142965691728
10166,0.4661648824775575,0.5172643422375377
10167,0.46611501286015755,0.5172143876506698
10168,0.466065143497991,0.5171644328085745
10169,0.46601527439108437,0.5171144777112471
10170,0.46596540553939536,0.5170645223586581
10171,0.4659155369429602,0.5170145667508519
10172,0.46586566860175993,0.516964610887791
10173,0.4658158005158006,0.5169146547694934
10174,0.46576593268508626,0.5168646983959541
10175,0.46571606510962094,0.5168147417671709
10176,0.46566619778940277,0.5167647848831376
10177,0.4656163307244293,0.5167148277438562
10178,0.46556646391470813,0.516664870349328
10179,0.4655165973602221,0.5166149126995496
10180,0.4654667310610099,0.5165649547945321
10181,0.4654168650170475,0.5165149966342428
10182,0.4653669992283367,0.5164650382187035
10183,0.4653171336948776,0.5164150795479103
10184,0.4652672684166719,0.5163651206218637
10185,0.4652174033937291,0.5163151614405653
10186,0.4651675386260581,0.516265202004003
10187,0.4651176741136458,0.5162152423121681
10188,0.46506780985648444,0.516165282365072
10189,0.4650179458545972,0.5161153221627266
10190,0.46496808210796425,0.5160653617051064
10191,0.46491821861661464,0.516015400992229
10192,0.4648683553805316,0.5159654400240703
10193,0.46481849239970985,0.515915478800643
10194,0.4647686296741713,0.5158655173219536
10195,0.4647187672038897,0.51581555558798
10196,0.4646689049889139,0.5157655935987504
10197,0.46461904302918544,0.5157156313542122
10198,0.46456918132474734,0.515665668854427
10199,0.46451931987558037,0.5156157060993529
10200,0.46446945868170486,0.5155657430890028
10201,0.46441959774310726,0.5155157798233636
10202,0.46436973705979423,0.5154658163024449
10203,0.46431987663176333,0.51541585252624
10204,0.4642700164590319,0.5153658884947547
10205,0.4642201565415771,0.5153159242079685
10206,0.46417029687940814,0.5152659596659025
10207,0.46412043747254017,0.5152159948685531
10208,0.4640705783209751,0.5151660298159015
10209,0.4640207194246937,0.5151160645079431
10210,0.4639708607836951,0.5150660989447033
10211,0.4639210023980207,0.5150161331261804
10212,0.46387114426763953,0.514966167052332
10213,0.46382128639253684,0.5149162007231887
10214,0.4637714287727497,0.5148662341387678
10215,0.4637215714082754,0.5148162672990295
10216,0.4636717142991085,0.5147663002039768
10217,0.4636218574452666,0.5147163328536166
10218,0.46357200084671335,0.514666365247931
10219,0.46352214450345053,0.5146163973869573
10220,0.46347228841553156,0.5145664292706924
10221,0.46342243258292104,0.5145164608990807
10222,0.4633725770056286,0.5144664922721615
10223,0.4633227216836491,0.5144165233899223
10224,0.46327286661699596,0.5143665542523705
10225,0.46322301180565084,0.5143165848594916
10226,0.4631731572496316,0.5142666152113032
10227,0.4631233029489594,0.5142166453077885
10228,0.4630734489035968,0.5141666751489279
10229,0.4630235951135542,0.5141167047347549
10230,0.46297374157884985,0.5140667340652607
10231,0.46292388829948794,0.5140167631404287
10232,0.462874035275445,0.5139667919602542
10233,0.46282418250675583,0.5139168205247578
10234,0.4627743299933882,0.5138668488339102
10235,0.4627244777353662,0.5138168768877385
10236,0.4626746257326766,0.5137669046862205
10237,0.4626247739853442,0.5137169322293695
10238,0.46257492249334264,0.5136669595171582
10239,0.46252507125670295,0.5136169865496191
10240,0.4624752202753959,0.5135670133267145
10241,0.46242536954943425,0.5135170398484782
10242,0.462375519078849,0.5134670661148945
10243,0.4623256688635996,0.5134170921259356
10244,0.4622758189037103,0.5133671178816397
10245,0.46222596919918424,0.5133171433819816
10246,0.4621761197500108,0.5132671686269605
10247,0.4621262705561948,0.5132171936165858
10248,0.462076421617746,0.5131672183508519
10249,0.46202657293467086,0.5131172428297515
10250,0.4619767245069535,0.5130672670532763
10251,0.46192687633461094,0.5130172910214419
10252,0.4618770284176249,0.512967314734232
10253,0.46182718075602924,0.5129173381916663
10254,0.46177733334980586,0.5128673613937096
10255,0.46172748619893655,0.5128173843403787
10256,0.46167763930347294,0.5127674070316923
10257,0.4616277926633796,0.5127174294676
10258,0.4615779462786559,0.5126674516481382
10259,0.46152810014934387,0.5126174735733036
10260,0.46147825427539013,0.5125674952430594
10261,0.4614284086568511,0.5125175166574535
10262,0.46137856329369353,0.5124675378164341
10263,0.4613287181859278,0.5124175587200311
10264,0.46127887333355144,0.5123675793682374
10265,0.46122902873656724,0.5123175997610512
10266,0.46117918439499506,0.512267619898471
10267,0.46112934030882036,0.5122176397804798
10268,0.46107949647804136,0.5121676594070925
10269,0.4610296529026745,0.5121176787783069
10270,0.46097980958270757,0.5120676978941083
10271,0.4609299665181572,0.5120177167545079
10272,0.4608801237090189,0.511967735359493
10273,0.46083028115528935,0.5119177537090622
10274,0.4607804388569743,0.5118677718032242
10275,0.4607305968140707,0.5118177896419687
10276,0.4606807550265849,0.5117678072253034
10277,0.4606309134945292,0.5117178245532186
10278,0.4605810722179088,0.5116678416257026
10279,0.46053123119668893,0.5116178584427502
10280,0.4604813904309064,0.5115678750043973
10281,0.4604315499205649,0.5115178913106051
10282,0.4603817096656395,0.5114679073613724
10283,0.46033186966616,0.5114179231567211
10284,0.460282029922106,0.5113679386966254
10285,0.46023219043349894,0.5113179539811015
10286,0.46018235120031736,0.5112679690101307
10287,0.460132512222602,0.5112179837837334
10288,0.4600826735003164,0.5111679983018705
10289,0.4600328350334839,0.5111180125645751
10290,0.4599829968221092,0.5110680265718268
10291,0.4599331588661675,0.5110180403236202
10292,0.4598833211656952,0.510968053819979
10293,0.45983348372068544,0.510918067060866
10294,0.4597836465311145,0.5108680800462924
10295,0.45973380959700516,0.5108180927762789
10296,0.4596839729183728,0.5107681052508033
10297,0.4596341364951946,0.5107181174698487
10298,0.4595843003274941,0.5106681294334392
10299,0.45953446441525614,0.5106181411415516
10300,0.4594846287584977,0.5105681525942016
10301,0.4594347933571974,0.5105181637913688
10302,0.4593849582113798,0.5104681747330784
10303,0.45933512332105897,0.5104181854193053
10304,0.45928528868618557,0.5103681958500335
10305,0.4592354543068343,0.5103182060253137
10306,0.4591856201829445,0.5102682159450715
10307,0.45913578631454954,0.5102182256093672
10308,0.4590859527016514,0.5101682350181653
10309,0.4590361193442527,0.510118244171467
10310,0.4589862862423255,0.5100682530692697
10311,0.45893645339591926,0.5100182617115998
10312,0.45888662080499787,0.5099682700984061
10313,0.4588367884695763,0.5099182782297288
10314,0.4587869563896716,0.5098682861055488
10315,0.4587371245652674,0.5098182937258537
10316,0.4586872929963751,0.5097683010906551
10317,0.4586374616829896,0.5097183081999441
10318,0.45858763062512586,0.5096683150537268
10319,0.458537799822781,0.5096183216519856
10320,0.4584879692759527,0.5095683279947245
10321,0.4584381389846499,0.509518334081946
10322,0.45838830894887006,0.5094683399136428
10323,0.45833847916861326,0.5094183454898147
10324,0.45828864964389404,0.509368350810463
10325,0.45823882037469943,0.5093183558755732
10326,0.45818899136103,0.5092683606851558
10327,0.4581391626029161,0.5092183652392149
10328,0.4580893341003387,0.5091683695377165
10329,0.4580395058532917,0.5091183735806805
10330,0.45798967786179356,0.509068377368115
10331,0.4579398501258538,0.5090183808999994
10332,0.4578900226454474,0.508968384176322
10333,0.45784019542060683,0.508918387197113
10334,0.4577903684513098,0.5088683899623354
10335,0.45774054173755907,0.5088183924720151
10336,0.4576907152793943,0.5087683947261473
10337,0.45764088907678246,0.5087183967246914
10338,0.4575910631297344,0.5086683984676831
10339,0.45754123743825703,0.5086183999551106
10340,0.45749141200234855,0.5085684011869661
10341,0.4574415868220032,0.5085184021632506
10342,0.4573917618972434,0.5084684028839721
10343,0.4573419372280709,0.508418403349107
10344,0.4572921128144636,0.5083684035586546
10345,0.4572422886564389,0.5083184035126361
10346,0.4571924647540053,0.508268403211033
10347,0.45714264110715885,0.5082184026538374
10348,0.45709281771589505,0.5081684018410557
10349,0.4570429945802408,0.5081184007726884
10350,0.4569931717001674,0.508068399448713
10351,0.4569433490757193,0.5080183978691528
10352,0.4568935267068419,0.50796839603397
10353,0.45684370459358825,0.5079183939432137
10354,0.4567938827359457,0.5078683915968325
10355,0.456744061133892,0.5078183889948396
10356,0.45669423978747214,0.5077683861372588
10357,0.4566444186966536,0.5077183830240415
10358,0.45659459786145895,0.5076683796552204
10359,0.4565447772818829,0.5076183760307791
10360,0.4564949569579311,0.5075683721507143
10361,0.4564451368896194,0.5075183680150246
10362,0.4563953170769184,0.5074683636236951
10363,0.45634549751986575,0.5074183589767554
10364,0.4562956782184382,0.5073683540741648
10365,0.4562458591726499,0.5073183489159476
10366,0.45619604038250516,0.5072683435020914
10367,0.45614622184798814,0.5072183378325897
10368,0.4560964035691287,0.5071683319074602
10369,0.45604658554591837,0.5071183257266723
10370,0.4559967677783614,0.5070683192902341
10371,0.45594695026645726,0.5070183125981407
10372,0.4558971330101963,0.5069683056503957
10373,0.45584731600962847,0.5069182984470055
10374,0.45579749926470015,0.5068682909879216
10375,0.4557476827754303,0.5068182832731966
10376,0.4556978665418533,0.5067682753028121
10377,0.4556480505639313,0.5067182670767358
10378,0.4555982348416887,0.5066682585950021
10379,0.45554841937512813,0.5066182498575877
10380,0.45549860416424237,0.506568240864489
10381,0.45544878920904175,0.5065182316157177
10382,0.4553989745095307,0.5064682221112591
10383,0.4553491600657069,0.5064182123511104
10384,0.4552993458775729,0.506368202335272
10385,0.4552495319451295,0.506318192063745
10386,0.4551997182683958,0.5062681815365249
10387,0.4551499048473544,0.5062181707535952
10388,0.4551000916820198,0.5061681597149716
10389,0.45505027877239335,0.5061181484206405
10390,0.4550004661184648,0.5060681368705989
10391,0.45495065372026633,0.5060181250648603
10392,0.45490084157778143,0.5059681130033914
10393,0.45485102969101376,0.5059181006862068
10394,0.454801218059963,0.505868088113304
10395,0.4547514066846413,0.505818075284683
10396,0.45470159556505374,0.5057680622003322
10397,0.45465178470117906,0.505718048860248
10398,0.4546019740930536,0.5056680352644483
10399,0.4545521637406602,0.5056180214128987
10400,0.45450235364400204,0.5055680073056175
10401,0.45445254380309397,0.5055179929425977
10402,0.4544027342179351,0.5054679783238288
10403,0.45435292488851586,0.5054179634493083
10404,0.4543031158148585,0.5053679483190481
10405,0.4542533069969503,0.505317932933024
10406,0.454203498434802,0.5052679172912516
10407,0.45415369012843965,0.5052179013937161
10408,0.4541038820778085,0.5051678852403957
10409,0.4540540742829493,0.5051178688313427
10410,0.45400426674387284,0.5050678521665175
10411,0.45395445946056223,0.5050178352459069
10412,0.4539046524330388,0.5049678180695298
10413,0.4538548456613005,0.5049178006373669
10414,0.453805039145337,0.5048677829494148
10415,0.4537552328851653,0.5048177650056886
10416,0.4537054268807639,0.5047677468061691
10417,0.45365562113217994,0.504717728350879
10418,0.45360581563938696,0.5046677096397711
10419,0.45355601040239546,0.5046176906728694
10420,0.45350620542120934,0.5045676714501666
10421,0.45345640069581394,0.5045176519716557
10422,0.4534065962262447,0.504467632237356
10423,0.45335679201248136,0.5044176122472276
10424,0.45330698805452985,0.5043675920012918
10425,0.453257184352408,0.5043175714995428
10426,0.4532073809061026,0.504267550741965
10427,0.4531575777156267,0.5042175297285683
10428,0.45310777478097997,0.5041675084593409
10429,0.45305797210215615,0.5041174869342858
10430,0.4530081696791647,0.5040674651534041
10431,0.45295836751203866,0.5040174431166906
10432,0.45290856560073256,0.5039674208241116
10433,0.4528587639452837,0.5039173982757096
10434,0.4528089625456777,0.5038673754714504
10435,0.45275916140191197,0.5038173524113471
10436,0.45270936051402777,0.5037673290954012
10437,0.4526595598819889,0.5037173055235743
10438,0.45260975950580906,0.5036672816959011
10439,0.4525599593855052,0.5036172576123683
10440,0.45251015952106277,0.5035672332729573
10441,0.4524603599124841,0.5035172086776851
10442,0.4524105605598062,0.5034671838265476
10443,0.4523607614629894,0.5034171587195078
10444,0.4523109626220645,0.503367133356606
10445,0.4522611640370232,0.503317107737813
10446,0.452211365707869,0.5032670818631342
10447,0.4521615676345945,0.503217055732565
10448,0.4521117698172381,0.5031670293461197
10449,0.4520619722557744,0.5031170027037515
10450,0.4520121749502055,0.5030669758054926
10451,0.4519623779005483,0.5030169486513367
10452,0.4519125811068083,0.5029669212412666
10453,0.4518627845689789,0.5029168935752795
10454,0.4518129882870756,0.5028668656533808
10455,0.4517631922610805,0.5028168374755547
10456,0.4517133964909985,0.5027668090418198
10457,0.45166360097686387,0.5027167803521715
10458,0.4516138057186545,0.5026667514065747
10459,0.45156401071637453,0.5026167222050497
10460,0.45151421597003427,0.5025666927475965
10461,0.45146442147964694,0.5025166630342003
10462,0.4514146272451829,0.5024666330648528
10463,0.45136483326669374,0.5024166028395785
10464,0.45131503954415564,0.5023665723583305
10465,0.4512652460775569,0.5023165416211284
10466,0.45121545286692677,0.5022665106279876
10467,0.4511656599122501,0.5022164793788766
10468,0.45111586721355923,0.502166447873811
10469,0.4510660747708206,0.5021164161127585
10470,0.4510162825840567,0.502066384095752
10471,0.4509664906532789,0.5020163518227714
10472,0.45091669897848363,0.5019663192938024
10473,0.4508669075596583,0.5019162865088499
10474,0.45081711639684574,0.5018662534679277
10475,0.4507673254899983,0.5018162201709919
10476,0.4507175348391699,0.5017661866180881
10477,0.45066774444433233,0.501716152809164
10478,0.4506179543055061,0.501666118744249
10479,0.4505681644226597,0.501616084423322
10480,0.4505183747958489,0.5015660498464142
10481,0.45046858542504176,0.5015160150134681
10482,0.4504187963102477,0.5014659799245189
10483,0.4503690074514982,0.5014159445795556
10484,0.45031921884875437,0.5013659089785462
10485,0.45026943050204593,0.5013158731215315
10486,0.45021964241136747,0.5012658370084775
10487,0.45016985457672576,0.5012158006393945
10488,0.4501200669981211,0.5011657640142729
10489,0.45007027967556645,0.5011157271331134
10490,0.4500204926090653,0.5010656899959021
10491,0.4499707057986104,0.5010156526026389
10492,0.44992091924419075,0.5009656149533248
10493,0.449871132945856,0.500915577047978
10494,0.44982134690356834,0.5008655388865431
10495,0.4497715611173554,0.5008155004690609
10496,0.44972177558721826,0.5007654617955017
10497,0.44967199031315164,0.5007154228658681
10498,0.44962220529515684,0.5006653836801616
10499,0.44957242053324986,0.5006153442383806
10500,0.4495226360274198,0.5005653045405116
10501,0.44947285177768503,0.5005152645865649
10502,0.4494230677840514,0.5004652243765224
10503,0.44937328404650634,0.5004151839103772
10504,0.44932350056505976,0.5003651431881426
10505,0.449273717339728,0.5003151022098087
10506,0.44922393437050356,0.5002650609753578
10507,0.44917415165738617,0.5002150194847994
10508,0.4491243692003922,0.5001649777381322
10509,0.44907458699950964,0.5001149357353412
10510,0.44902480505477194,0.5000648934764373
10511,0.4489750233661426,0.5000148509613884
10512,0.4489252419336436,0.49996480819022904
10513,0.44887546075729234,0.499914765162938
10514,0.44882567983708477,0.49986472187949926
10515,0.4487758991730113,0.4998146783399148
10516,0.4487261187650817,0.4997646345441956
10517,0.44867633861330947,0.49971459049233113
10518,0.44862655871771073,0.49966454618430933
10519,0.44857677907825777,0.49961450162011056
10520,0.448526999694963,0.4995644567997667
10521,0.44847722056784134,0.49951441172326283
10522,0.4484274416968941,0.49946436639058733
10523,0.44837766308212423,0.49941432080173365
10524,0.44832788472352514,0.49936427495670144
10525,0.44827810662112544,0.49931422885549626
10526,0.44822832877490293,0.4992641824980947
10527,0.44817855118487804,0.4992141358845107
10528,0.44812877385104444,0.4991640890147312
10529,0.4480789967734191,0.4991140418887564
10530,0.44802921995198575,0.499063994506575
10531,0.4479794433867761,0.49901394686819833
10532,0.4479296670777744,0.49896389897359816
10533,0.4478798910249834,0.4989138508227886
10534,0.44783011522843186,0.49886380241576833
10535,0.4477803396880726,0.49881375375250503
10536,0.44773056440397196,0.49876370483304944
10537,0.44768078937608435,0.4987136556573346
10538,0.4476310146044471,0.4986636062254046
10539,0.447581240089048,0.49861355653722506
10540,0.44753146582990966,0.4985635065928039
10541,0.44748169182699704,0.4985134563921222
10542,0.447431918080351,0.4984634059352141
10543,0.4473821445899655,0.4984133552220372
10544,0.4473323713558276,0.4983633042526001
10545,0.44728259837796647,0.4983132530269134
10546,0.44723282565638256,0.49826320154494796
10547,0.44718305319107965,0.49821314980670495
10548,0.4471332809820331,0.4981630978121798
10549,0.44708350902927596,0.49811304556139735
10550,0.44703373733281526,0.49806299305432333
10551,0.446983965892642,0.49801294029095267
10552,0.44693419470876905,0.49796288727129423
10553,0.44688442378118953,0.4979128339953337
10554,0.4468346531099301,0.4978627804630765
10555,0.4467848826949591,0.4978127266745005
10556,0.4467351125363038,0.4977626726296345
10557,0.4466853426339915,0.4977126183284514
10558,0.4466355729879704,0.4976625637709242
10559,0.4465858035982917,0.4976125089571054
10560,0.44653603446493917,0.49756245388694287
10561,0.44648626558792026,0.4975123985604527
10562,0.4464364969672372,0.4974623429776276
10563,0.44638672860290496,0.4974122871384655
10564,0.446336960494915,0.4973622310429512
10565,0.44628719264328076,0.49731217469109334
10566,0.44623742504801633,0.4972621180828791
10567,0.44618765770908153,0.4972120612182944
10568,0.44613789062652875,0.49716200409737865
10569,0.4460881238003558,0.4971119467200801
10570,0.4460383572305493,0.4970618890863986
10571,0.44598859091711696,0.4970118311963504
10572,0.44593882486006253,0.4969617730499277
10573,0.44588905905940246,0.49691171464712625
10574,0.4458392935151372,0.4968616559879282
10575,0.4457895282272655,0.49681159707233424
10576,0.4457397631957851,0.4967615379003457
10577,0.44568999842072454,0.4967114784719655
10578,0.445640233902063,0.4966614187871632
10579,0.44559046963981785,0.49661135884596186
10580,0.44554070563400283,0.49656129864834087
10581,0.4454909418845867,0.4965112381942913
10582,0.44544117839162056,0.4964611774838401
10583,0.4453914151550771,0.4964111165169386
10584,0.4453416521749751,0.49636105529361196
10585,0.4452918894512996,0.496310993813843
10586,0.44524212698408483,0.4962609320776463
10587,0.44519236477331214,0.49621087008498843
10588,0.44514260281898943,0.4961608078358881
10589,0.44509284112113645,0.49611074533033583
10590,0.4450430796797449,0.49606068256831104
10591,0.4449933184948103,0.4960106195498246
10592,0.44494355756634596,0.49596055627488167
10593,0.4448937968943716,0.49591049274346566
10594,0.4448440364788768,0.49586042895555926
10595,0.4447942763198627,0.4958103649111716
10596,0.444744516417358,0.4957603006103013
10597,0.4446947567713315,0.49571023605292164
10598,0.44464499738181373,0.49566017123906203
10599,0.4445952382487771,0.49561010616869283
10600,0.4445454793722645,0.49556004084184013
10601,0.4444957207522844,0.4955099752584645
10602,0.44444596238880385,0.49545990941855356
10603,0.4443962042818581,0.49540984332214233
10604,0.4443464464314314,0.49535977696919464
10605,0.4442966888375339,0.4953097103597267
10606,0.4442469315001727,0.4952596434937291
10607,0.44419717441936224,0.49520957637119345
10608,0.4441474175950978,0.4951595089921069
10609,0.44409766102738213,0.49510944135647206
10610,0.4440479047162158,0.4950593734642864
10611,0.44399814866161913,0.4950093053155522
10612,0.44394839286358523,0.4949592369102467
10613,0.4438986373221171,0.4949091682483763
10614,0.4438488820372224,0.4948590993299382
10615,0.4437991270089243,0.49480903015492705
10616,0.4437493722371926,0.4947589607233175
10617,0.4436996177220527,0.49470889103514126
10618,0.44364986346351865,0.49465882109037074
10619,0.44360010946156003,0.4946087508889926
10620,0.4435503557162256,0.49455868043103945
10621,0.44350060222750143,0.4945086097164606
10622,0.4434508489953719,0.4944585387452691
10623,0.4434010960198729,0.4944084675174829
10624,0.44335134330099424,0.4943583960330634
10625,0.44330159083873943,0.4943083242920242
10626,0.4432518386331259,0.49425825229435993
10627,0.4432020866841355,0.49420818004005196
10628,0.4431523349917962,0.4941581075291194
10629,0.4431025835560993,0.4941080347615364
10630,0.44305283237706594,0.494057961737309
10631,0.44300308145466505,0.4940078884564154
10632,0.4429533307889437,0.4939578149188889
10633,0.442903580379879,0.4939077411246815
10634,0.44285383022749936,0.4938576670738173
10635,0.44280408033179164,0.49380759276626673
10636,0.44275433069275993,0.4937575182020424
10637,0.4427045813104229,0.49370744338114003
10638,0.4426548321847603,0.4936573683035421
10639,0.4426050833157992,0.493607292969269
10640,0.44255533470355024,0.4935572173782935
10641,0.4425055863479975,0.4935071415306026
10642,0.4424558382491528,0.49345706542621737
10643,0.4424060904070217,0.4934069890651208
10644,0.44235634282162284,0.4933569124473096
10645,0.4423065954929569,0.49330683557276533
10646,0.4422568484209941,0.49325675844148686
10647,0.442207101605784,0.49320668105350285
10648,0.442157355047307,0.4931566034087661
10649,0.44210760874558264,0.49310652550729595
10650,0.44205786270060554,0.4930564473490697
10651,0.44200811691237785,0.4930063689340962
10652,0.44195837138092187,0.49295629026237164
10653,0.44190862610623305,0.4929062113338736
10654,0.4418588810882904,0.4928561321486089
10655,0.4418091363271506,0.4928060527065946
10656,0.44175939182277024,0.49275597300777785
10657,0.44170964757519005,0.49270589305220014
10658,0.4416599035844002,0.4926558128398203
10659,0.44161015985040186,0.49260573237064875
10660,0.44156041637320587,0.4925556516446832
10661,0.4415106731528118,0.4925055706619179
10662,0.4414609301892405,0.4924554894223463
10663,0.44141118748248453,0.4924054079259518
10664,0.44136144503253594,0.49235532617274136
10665,0.4413117028394141,0.4923052441627198
10666,0.44126196090314074,0.4922551618958726
10667,0.44121221922369647,0.49220507937217484
10668,0.44116247780108475,0.4921549965916472
10669,0.4411127366353319,0.49210491355428454
10670,0.4410629957264235,0.492054830260063
10671,0.44101325507438793,0.49200474670899474
10672,0.4409635146791945,0.4919546629010517
10673,0.4409137745408742,0.4919045788362666
10674,0.4408640346594457,0.4918544945146073
10675,0.4408142950348899,0.49180440993605345
10676,0.44076455566720196,0.49175432510062667
10677,0.4407148165564043,0.4917042400083308
10678,0.44066507770252394,0.49165415465914286
10679,0.440615339105525,0.49160406905303644
10680,0.4405656007654293,0.49155398319004706
10681,0.4405158626822394,0.4915038970701533
10682,0.4404661248559736,0.4914538106933538
10683,0.4404163872866287,0.4914037240596272
10684,0.44036664997419983,0.4913536371689792
10685,0.44031691291871455,0.4913035500214137
10686,0.44026717612015054,0.4912534626169026
10687,0.4402174395785432,0.49120337495547006
10688,0.4401677032938769,0.49115328703707783
10689,0.44011796726615193,0.49110319886174614
10690,0.44006823149541097,0.4910531104294694
10691,0.44001849598161313,0.4910030217402077
10692,0.4399687607247864,0.49095293279400176
10693,0.4399190257249427,0.4909028435908238
10694,0.4398692909820633,0.49085275413066143
10695,0.439819556496178,0.49080266441353226
10696,0.4397698222672801,0.49075257443940834
10697,0.43972008829537246,0.490702484208297
10698,0.4396703545804701,0.49065239372019387
10699,0.43962062112257316,0.490602302975083
10700,0.43957088792169663,0.4905522119729646
10701,0.43952115497782174,0.4905021207138257
10702,0.439471422290976,0.4904520291976844
10703,0.4394216898611596,0.4904019374245113
10704,0.4393719576883699,0.4903518453943083
10705,0.4393222257726239,0.49030175310707635
10706,0.4392724941139142,0.4902516605628007
10707,0.43922276271227556,0.4902015677614868
10708,0.4391730315676663,0.4901514747031016
10709,0.4391233006801252,0.4901013813876842
10710,0.4390735700496651,0.4900512878151977
10711,0.4390238396762567,0.49000119398562825
10712,0.4389741095599291,0.4899510998990074
10713,0.43892437970068876,0.48990100555530414
10714,0.43887465009853655,0.4898509109545103
10715,0.4388249207534758,0.4898008160966282
10716,0.4387751916655066,0.48975072098165373
10717,0.43872546283466407,0.48970062560958616
10718,0.4386757342609111,0.48965052998039016
10719,0.43862600594428724,0.48960043409410303
10720,0.43857627788477527,0.4895503379506866
10721,0.4385265500823916,0.4895002415501555
10722,0.43847682253712283,0.4894501448924957
10723,0.43842709524903634,0.4894000479777192
10724,0.4383773682180543,0.48934995080575994
10725,0.43832764144423575,0.48929985337669457
10726,0.4382779149275655,0.48924975569046325
10727,0.43822818866806257,0.4891996577470834
10728,0.4381784626657196,0.48914955954653483
10729,0.4381287369205564,0.48909946108882363
10730,0.438079011432565,0.4890493623739328
10731,0.43802928620176806,0.4889992634018686
10732,0.4379795612281503,0.4889491641726075
10733,0.43792983651172634,0.4888990646861672
10734,0.437880112052486,0.4888489649425307
10735,0.4378303878504819,0.48879886494171043
10736,0.43778066390566817,0.4887487646836516
10737,0.43773094021809333,0.48869866416840013
10738,0.43768121678771876,0.48864856339591
10739,0.4376314936145931,0.48859846236621807
10740,0.43758177069867576,0.48854836107927546
10741,0.4375320480400262,0.48849825953512227
10742,0.43748232563859957,0.48844815773370087
10743,0.4374326034944369,0.48839805567505423
10744,0.4373828816075258,0.4883479533591434
10745,0.43733315997787847,0.48829785078598076
10746,0.4372834386055111,0.4882477479555497
10747,0.4372337174904093,0.4881976448678399
10748,0.4371839966325899,0.48814754152286255
10749,0.43713427603204624,0.4880974379206007
10750,0.4370845556888088,0.48804733406106293
10751,0.43703483560285883,0.4879972299442171
10752,0.4369851157742256,0.4879471255700819
10753,0.43693539620288724,0.4878970209386282
10754,0.4368856768888668,0.4878469160498793
10755,0.4368359578321792,0.48779681090381055
10756,0.4367862390328112,0.4877467055004069
10757,0.4367365204907754,0.4876965998396827
10758,0.4366868022060779,0.4876464939216265
10759,0.43663708417872926,0.4875963877462287
10760,0.4365873664087181,0.4875462813134822
10761,0.43653764889608515,0.487496174623395
10762,0.4364879316408036,0.4874460676759286
10763,0.4364382146428929,0.48739596047111056
10764,0.4363884979023519,0.4873458530089191
10765,0.4363387814191835,0.48729574528935615
10766,0.4362890651934277,0.4872456373124212
10767,0.4362393492250295,0.4871955290780703
10768,0.43618963351404827,0.48714542058636057
10769,0.4361399180604708,0.48709531183723365
10770,0.436090202864311,0.48704520283070085
10771,0.4360404879255606,0.48699509356674864
10772,0.43599077324422053,0.48694498404538655
10773,0.4359410588203195,0.48689487426661193
10774,0.43589134465385104,0.4868447642303968
10775,0.4358416307448245,0.4867946539367478
10776,0.43579191709324205,0.4867445433856554
10777,0.4357422036991103,0.48669443257711753
10778,0.43569249056244086,0.48664432151112735
10779,0.4356427776832156,0.4865942101876741
10780,0.43559306506148543,0.4865440986067746
10781,0.43554335269721145,0.48649398676837996
10782,0.4354936405904488,0.48644387467252503
10783,0.43544392874114946,0.4863937623191591
10784,0.4353942171493357,0.4863436497083281
10785,0.43534450581505046,0.486293536840011
10786,0.43529479473825283,0.48624342371416207
10787,0.4352450839189811,0.4861933103308259
10788,0.4351953733572015,0.48614319668996153
10789,0.43514566305298064,0.48609308279160324
10790,0.4350959530062848,0.4860429686356854
10791,0.4350462432171085,0.48599285422224037
10792,0.43499653368548996,0.4859427395512754
10793,0.4349468244114185,0.48589262462275085
10794,0.4348971153948883,0.48584250943667684
10795,0.434847406635933,0.4857923939930606
10796,0.43479769813455094,0.48574227829186856
10797,0.43474798989072727,0.4856921623331022
10798,0.43469828190450066,0.48564204611677475
10799,0.43464857417585123,0.4855919296428505
10800,0.43459886670479864,0.4855418129113457
10801,0.4345491594913504,0.4854916959222433
10802,0.4344994525354898,0.48544157867553506
10803,0.4344497458372527,0.4853914611712371
10804,0.4344000393966305,0.48534134340931645
10805,0.4343503332136234,0.4852912253897773
10806,0.4343006272882536,0.4852411071126217
10807,0.43425092162053336,0.48519098857782905
10808,0.4342012162104414,0.48514086978538273
10809,0.43415151105800676,0.48509075073531016
10810,0.4341018061632156,0.48504063142757525
10811,0.4340521015260892,0.48499051186219677
10812,0.4340023971466358,0.48494039203915185
10813,0.4339526930248607,0.48489027195843215
10814,0.43390298916076664,0.4848401516200339
10815,0.43385328555434677,0.4847900310239531
10816,0.4338035822056213,0.4847399101701956
10817,0.4337538791146113,0.4846897890587416
10818,0.43370417628130076,0.48463966768957345
10819,0.4336544737056851,0.4845895460627019
10820,0.4336047713878053,0.48453942417813445
10821,0.43355506932764065,0.4844893020358304
10822,0.4335053675252154,0.4844391796358084
10823,0.4334556659805282,0.48438905697804613
10824,0.4334059646935762,0.4843389340625449
10825,0.43335626366437685,0.484288810889306
10826,0.433306562892942,0.4842386874583148
10827,0.4332568623792703,0.48418856376955566
10828,0.43320716212337285,0.4841384398230323
10829,0.43315746212523676,0.4840883156187332
10830,0.43310776238488935,0.4840381911566718
10831,0.43305806290233395,0.48398806643682013
10832,0.43300836367758655,0.483937941459174
10833,0.43295866471061295,0.4838878162237187
10834,0.4329089660014678,0.48383769073048843
10835,0.43285926755013415,0.48378756497942754
10836,0.4328095693566181,0.4837374389705561
10837,0.43275987142094086,0.483687312703863
10838,0.4327101737430915,0.48363718617933116
10839,0.4326604763230735,0.4835870593969689
10840,0.4326107791609226,0.4835369323567732
10841,0.4325610822566074,0.48348680505871056
10842,0.4325113856101598,0.4834366775028094
10843,0.4324616892215809,0.48338654968904027
10844,0.4324119930908771,0.48333642161739965
10845,0.43236229721805963,0.4832862932878824
10846,0.4323126016031167,0.48323616470047814
10847,0.4322629062460688,0.4831860358551977
10848,0.4322132111469297,0.4831359067520201
10849,0.4321635163056945,0.4830857773909325
10850,0.4321138217223781,0.4830356477719394
10851,0.43206412739696654,0.482985517895026
10852,0.4320144333294922,0.48293538776020617
10853,0.4319647395199424,0.48288525736744803
10854,0.4319150459683385,0.4828351267167642
10855,0.4318653526746926,0.4827849958081323
10856,0.43181565963898727,0.4827348646415408
10857,0.431765966861245,0.48268473321700645
10858,0.431716274341464,0.48263460153450866
10859,0.4316665820796646,0.4825844695940472
10860,0.4316168900758387,0.48253433739560425
10861,0.4315671983300027,0.48248420493918454
10862,0.4315175068421615,0.48243407222477397
10863,0.4314678156123182,0.48238393925236756
10864,0.4314181246404951,0.4823338060219605
10865,0.4313684339266639,0.4822836725335322
10866,0.4313187434708683,0.4822335387871124
10867,0.43126905327307785,0.482183404782653
10868,0.43121936333334876,0.4821332705201873
10869,0.4311696736516426,0.48208313599965935
10870,0.4311199842279909,0.4820330012211067
10871,0.43107029506238903,0.48198286618449715
10872,0.4310206061548567,0.4819327308898377
10873,0.43097091750538885,0.4818825953371064
10874,0.4309212291139781,0.4818324595263078
10875,0.43087154098067626,0.4817823234574532
10876,0.4308218531054553,0.4817321871304856
10877,0.4307721654883261,0.48168205054543634
10878,0.43072247812929476,0.4816319137022951
10879,0.4306727910283762,0.48158177660105317
10880,0.43062310418557315,0.48153163924169773
10881,0.4305734176008813,0.4814815016242242
10882,0.43052373127434285,0.48143136374863793
10883,0.43047404520592003,0.48138122561489727
10884,0.43042435939564627,0.4813310872230382
10885,0.4303746738435268,0.4812809485730304
10886,0.43032498854956236,0.48123080966486587
10887,0.4302753035137501,0.4811806704985442
10888,0.4302256187361173,0.4811305310740708
10889,0.4301759342166671,0.48108039139141345
10890,0.4301262499553834,0.4810302514505732
10891,0.4300765659523236,0.4809801112515657
10892,0.43002688220743934,0.4809299707943321
10893,0.42997719872077433,0.48087983007892077
10894,0.42992751549230723,0.4808296891052898
10895,0.42987783252205913,0.4807795478734568
10896,0.4298281498100487,0.4807294063834059
10897,0.42977846735626524,0.4806792646351159
10898,0.42972878516072077,0.4806291226285956
10899,0.4296791032234222,0.4805789803638362
10900,0.4296294215443903,0.4805288378408281
10901,0.4295797401236062,0.480478695059553
10902,0.4295300589611021,0.480428552020027
10903,0.4294803780568688,0.48037840872222015
10904,0.4294306974109129,0.48032826516614024
10905,0.4293810170232424,0.4802781213517826
10906,0.4293313368938745,0.48022797727913635
10907,0.4292816570228206,0.4801778329481875
10908,0.42923197741007046,0.4801276883589225
10909,0.4291822980556321,0.4800775435113521
10910,0.4291326189595285,0.48002739840546715
10911,0.4290829401217551,0.4799772530412475
10912,0.42903326154231003,0.47992710741869415
10913,0.42898358322121977,0.4798769615378137
10914,0.42893390515848506,0.4798268153985744
10915,0.4288842273541076,0.4797766690009788
10916,0.4288345498080983,0.4797265223450248
10917,0.4287848725204684,0.4796763754307015
10918,0.4287351954912024,0.4796262282579955
10919,0.42868551872035376,0.47957608082692404
10920,0.42863584220788575,0.47952593313743475
10921,0.4285861659538116,0.4794757851895629
10922,0.4285364899581654,0.4794256369832941
10923,0.4284868142209308,0.4793754885185989
10924,0.4284371387421222,0.4793253397954884
10925,0.42838746352174717,0.479275190813949
10926,0.4283377885598123,0.4792250415739767
10927,0.42828811385631926,0.4791748920755612
10928,0.4282384394112868,0.47912474231870295
10929,0.4281887652247196,0.47907459230338223
10930,0.4281390912966113,0.4790244420295947
10931,0.4280894176269687,0.47897429149734716
10932,0.428039744215837,0.47892414070663203
10933,0.42799007106317855,0.47887398965740324
10934,0.4279403981690284,0.4788238383496999
10935,0.4278907255333698,0.4787736867834872
10936,0.42784105315622734,0.47872353495878184
10937,0.4277913810375972,0.4786733828755577
10938,0.42774170917750354,0.4786232305338204
10939,0.42769203757594687,0.4785730779335443
10940,0.4276423662329343,0.4785229250747308
10941,0.427592695148465,0.47847277195737037
10942,0.4275430243225552,0.4784226185814634
10943,0.4274933537551979,0.47837246494699825
10944,0.4274436834464308,0.4783223110539776
10945,0.4273940133962244,0.47827215690236546
10946,0.4273443436046178,0.47822200249219027
10947,0.42729467407159905,0.47817184782341404
10948,0.42724500479717664,0.478121692896048
10949,0.4271953357813617,0.4780715377100845
10950,0.42714566702417767,0.47802138226551305
10951,0.427095998525597,0.47797122656230717
10952,0.4270463302856635,0.47792107060049593
10953,0.42699666230435096,0.4778709143800377
10954,0.4269469945817099,0.47782075790095513
10955,0.426897327117694,0.4777706011631996
10956,0.42684765991235374,0.47772044416681814
10957,0.4267979929656742,0.4776702869117585
10958,0.4267483262776818,0.47762012939803744
10959,0.4266986598483635,0.47756997162562664
10960,0.4266489936777289,0.4775198135945411
10961,0.4265993277658078,0.47746965530476937
10962,0.42654966211257084,0.47741949675628315
10963,0.42649999671804795,0.47736933794910874
10964,0.42645033158226475,0.47731917888322206
10965,0.4264006667052107,0.4772690195585919
10966,0.4263510020868775,0.47721885997523117
10967,0.4263013377272892,0.47716870013314816
10968,0.4262516736264539,0.477118540032319
10969,0.42620200978437905,0.4770683796727334
10970,0.42615234620106857,0.47701821905438746
10971,0.4261026828765402,0.47696805817727383
10972,0.4260530198107808,0.4769178970413772
10973,0.42600335700380687,0.47686773564671137
10974,0.4259536944556386,0.4768175739932562
10975,0.4259040321662708,0.4767674120809954
10976,0.4258543701357209,0.47671724990993225
10977,0.42580470836398177,0.47666708748004816
10978,0.42575504685106924,0.47661692479135254
10979,0.4257053855969841,0.4765667618438284
10980,0.42565572460177137,0.47651659863747586
10981,0.4256060638653749,0.4764664351722482
10982,0.4255564033878555,0.47641627144820287
10983,0.4255067431691868,0.47636610746527774
10984,0.42545708320940023,0.4763159432235017
10985,0.42540742350849603,0.4762657787228419
10986,0.4253577640664714,0.47621561396329604
10987,0.4253081048833566,0.47616544894487156
10988,0.42525844595913354,0.47611528366753486
10989,0.4252087872938315,0.4760651181313035
10990,0.425159128887437,0.4760149523361493
10991,0.42510947073997296,0.4759647862820876
10992,0.4250598128514569,0.4759146199690918
10993,0.4250101552218659,0.47586445339714734
10994,0.4249604978512427,0.47581428656627567
10995,0.4249108407395594,0.4757641194764355
10996,0.4248611838868528,0.4757139521276531
10997,0.42481152729310745,0.4756637845198918
10998,0.42476187095836226,0.47561361665316737
10999,0.4247122148825979,0.4755634485274418
11000,0.4246625590658295,0.475513280142733
11001,0.4246129035080721,0.47546311149902787
11002,0.4245632482093171,0.4754129425963075
11003,0.4245135931696009,0.4753627734345848
11004,0.42446393838889174,0.4753126040138219
11005,0.4244142838672358,0.47526243433405024
11006,0.4243646296046134,0.4752122643952231
11007,0.42431497560105114,0.4751620941973599
11008,0.42426532185654864,0.4751119237404344
11009,0.424215668371107,0.4750617530244484
11010,0.4241660151447564,0.47501158204939953
11011,0.42411636217746973,0.47496141081525967
11012,0.4240667094692887,0.47491123932205215
11013,0.4240170570202002,0.474861067569737
11014,0.42396740483022355,0.474810895558329
11015,0.42391775289936295,0.47476072328780694
11016,0.42386810122762764,0.4747105507581666
11017,0.4238184498150175,0.4746603779693991
11018,0.42376879866155237,0.4746102049215044
11019,0.42371914776722763,0.47456003161446425
11020,0.423669497132079,0.4745098580482817
11021,0.4236198467560769,0.47445968422292084
11022,0.4235701966392471,0.47440951013841026
11023,0.4235205467816062,0.474359335794727
11024,0.42347089718313824,0.4743091611918534
11025,0.4234212478438768,0.47425898632980457
11026,0.42337159876380337,0.4742088112085473
11027,0.4233219499429681,0.47415863582810047
11028,0.42327230138133387,0.47410846018841424
11029,0.4232226530789327,0.4740582842895247
11030,0.4231730050357725,0.4740081081314007
11031,0.4231233572518547,0.4739579317140331
11032,0.42307370972718783,0.47390775503742266
11033,0.4230240624617765,0.4738575781015584
11034,0.42297441545563386,0.4738074009064376
11035,0.42292476870877205,0.4737572234520461
11036,0.42287512222120394,0.4737070457383703
11037,0.42282547599292153,0.4736568677654017
11038,0.4227758300239297,0.47360668953314444
11039,0.4227261843142701,0.47355651104159424
11040,0.42267653886390133,0.4735063322907104
11041,0.42262689367286077,0.4734561532805328
11042,0.4225772487411785,0.4734059740110278
11043,0.42252760406881773,0.4733557944821607
11044,0.4224779596558199,0.4733056146939715
11045,0.4224283155021763,0.4732554346464174
11046,0.4223786716078928,0.4732052543395058
11047,0.42232902797299166,0.4731550737732336
11048,0.4222793845974585,0.47310489294757685
11049,0.42222974148133763,0.4730547118625513
11050,0.42218009862461536,0.4730045305181093
11051,0.4221304560272886,0.47295434891426924
11052,0.422080813689379,0.472904167051031
11053,0.4220311716108949,0.4728539849283745
11054,0.42198152979183934,0.4728038025462896
11055,0.42193188823223937,0.4727536199047747
11056,0.42188224693206533,0.47270343700380224
11057,0.42183260589137417,0.47265325384340307
11058,0.4217829651101441,0.47260307042351835
11059,0.4217333245883833,0.47255288674416973
11060,0.42168368432609404,0.47250270280535134
11061,0.4216340443233041,0.47245251860705995
11062,0.42158440458002033,0.4724023341492669
11063,0.4215347650962391,0.4723521494319656
11064,0.42148512587197906,0.47230196445515893
11065,0.4214354869072162,0.472251779218832
11066,0.4213858482020123,0.4722015937230043
11067,0.421336209756356,0.472151407967616
11068,0.4212865715702263,0.47210122195267845
11069,0.42123693364366654,0.47205103567821083
11070,0.4211872959766718,0.4720008491441735
11071,0.421137658569264,0.4719506623505687
11072,0.42108802142141555,0.471900475297375
11073,0.42103838453318043,0.47185028798462036
11074,0.42098874790453844,0.47180010041225096
11075,0.42093911153549146,0.4717499125802852
11076,0.42088947542607347,0.47169972448872266
11077,0.4208398395762851,0.4716495361375309
11078,0.42079020398611633,0.4715993475267065
11079,0.4207405686556074,0.4715491586562609
11080,0.420690933584734,0.47149896952615367
11081,0.42064129877352574,0.4714487801364098
11082,0.4205916642219856,0.4713985904869966
11083,0.4205420299301226,0.4713484005779164
11084,0.42049239589793896,0.47129821040915665
11085,0.42044276212545983,0.4712480199807131
11086,0.42039312861267464,0.4711978292925658
11087,0.42034349535959503,0.4711476383447216
11088,0.4202938623662573,0.4710974471371705
11089,0.4202442296326323,0.47104725566987493
11090,0.42019459715874863,0.4709970639428651
11091,0.42014496494459785,0.47094687195611296
11092,0.4200953329902045,0.4708966797096241
11093,0.42004570129557295,0.47084648720337774
11094,0.4199960698607137,0.47079629443736737
11095,0.4199464386856331,0.47074610141158335
11096,0.41989680777034777,0.47069590812601614
11097,0.41984717711484554,0.47064571458065474
11098,0.41979754671915837,0.4705955207755066
11099,0.41974791658328425,0.47054532671054317
11100,0.4196982867072433,0.4704951323857639
11101,0.41964865709101684,0.4704449378011495
11102,0.4195990277346341,0.47039474295671924
11103,0.41954939863810137,0.47034454785244195
11104,0.41949976980142933,0.47029435248831364
11105,0.41945014122461877,0.4702441568643232
11106,0.4194005129076772,0.4701939609804683
11107,0.41935088485063066,0.4701437648367437
11108,0.41930125705347443,0.470093568433121
11109,0.41925162951622086,0.47004337176960787
11110,0.41920200223886495,0.4699931748461883
11111,0.41915237522143456,0.4699429776628705
11112,0.4191027484639338,0.46989278021962444
11113,0.4190531219663669,0.4698425825164485
11114,0.41900349572874585,0.46979238455333494
11115,0.4189538697510786,0.4697421863302744
11116,0.41890424403336746,0.46969198784725685
11117,0.41885461857563633,0.4696417891042832
11118,0.41880499337788346,0.469591590101327
11119,0.41875536844011996,0.4695413908383914
11120,0.41870574376234704,0.469491191315463
11121,0.41865611934459,0.4694409915325416
11122,0.41860649518683635,0.4693907914896043
11123,0.4185568712891249,0.4693405911866617
11124,0.41850724765143554,0.46929039062367306
11125,0.41845762427378363,0.46924018980066207
11126,0.41840800115618826,0.4691899887176123
11127,0.41835837829865796,0.4691397873745017
11128,0.41830875570117965,0.469089585771326
11129,0.4182591333637855,0.4690393839080952
11130,0.41820951128649175,0.4689891817847799
11131,0.4181598894692834,0.46893897940136076
11132,0.4181102679121773,0.46888877675785445
11133,0.4180606466151783,0.4688385738542451
11134,0.41801102557831515,0.4687883706905249
11135,0.41796140480157984,0.46873816726666895
11136,0.41791178428497633,0.4686879635826827
11137,0.4178621640285356,0.4686377596385626
11138,0.41781254403224155,0.46858755543427655
11139,0.4177629242961174,0.4685373509698423
11140,0.417713304820175,0.4684871462452369
11141,0.4176636856044136,0.468436941260448
11142,0.4176140666488337,0.4683867360154761
11143,0.417564447953478,0.46833653051032065
11144,0.41751482951832375,0.4682863247449396
11145,0.41746521134339487,0.46823611871935356
11146,0.4174155934286924,0.46818591243354146
11147,0.4173659757742353,0.46813570588750075
11148,0.4173163583800157,0.4680854990812118
11149,0.4172667412460551,0.46803529201468475
11150,0.41721712437236036,0.4679850846878961
11151,0.4171675077589554,0.4679348771008405
11152,0.41711789140581224,0.46788466925349104
11153,0.4170682753129884,0.4678344611458818
11154,0.4170186594804507,0.46778425277794755
11155,0.41696904390823086,0.4677340441497255
11156,0.416919428596335,0.46768383526118507
11157,0.41686981354475794,0.4676336261123176
11158,0.4168201987535294,0.4675834167031302
11159,0.41677058422264657,0.46753320703359214
11160,0.4167209699521288,0.4674829971037061
11161,0.41667135594196725,0.46743278691345447
11162,0.41662174219219184,0.46738257646284276
11163,0.4165721287027908,0.4673323657518429
11164,0.4165225154737915,0.4672821547804671
11165,0.4164729025052014,0.467231943548689
11166,0.41642328979702503,0.4671817320564977
11167,0.41637367734926056,0.4671315203038916
11168,0.4163240651619329,0.46708130829087224
11169,0.4162744532350373,0.46703109601741355
11170,0.41622484156861084,0.4669808834835204
11171,0.41617523016262004,0.46693067068915806
11172,0.4161256190171134,0.46688045763435426
11173,0.41607600813208256,0.4668302443190677
11174,0.41602639750753556,0.46678003074330154
11175,0.4159767871434883,0.4667298169070506
11176,0.41592717703994286,0.4666796028102975
11177,0.4158775671969126,0.4666293884530407
11178,0.4158279576144104,0.4665791738352666
11179,0.41577834829243665,0.46652895895696334
11180,0.41572873923100007,0.4664787438181277
11181,0.41567913043013416,0.4664285284187546
11182,0.41562952188981395,0.46637831275880703
11183,0.41557991361008195,0.466328096838314
11184,0.41553030559091675,0.4662778806572295
11185,0.4154806978323422,0.4662276642155767
11186,0.41543109033436854,0.4661774475133308
11187,0.41538148309700207,0.46612723055048166
11188,0.41533187612025424,0.46607701332702467
11189,0.41528226940414337,0.4660267958429458
11190,0.415232662948659,0.4659765780982297
11191,0.4151830567538253,0.46592636009288246
11192,0.4151334508196355,0.4658761418268842
11193,0.4150838451461265,0.4658259233002402
11194,0.41503423973329134,0.46577570451291206
11195,0.41498463458113344,0.4657254854649089
11196,0.4149350296896761,0.4656752661562267
11197,0.41488542505891135,0.4656250465868429
11198,0.4148358206888596,0.4655748267567622
11199,0.4147862165795432,0.4655246066659675
11200,0.41473661273094886,0.4654743863144353
11201,0.4146870091430912,0.4654241657021796
11202,0.41463740581598496,0.46537394482918504
11203,0.4145878027496478,0.4653237236954362
11204,0.4145381999440698,0.4652735023009176
11205,0.41448859739928556,0.465223280645636
11206,0.4144389951152815,0.4651730587295604
11207,0.41438939309207257,0.4651228365527015
11208,0.4143397913296769,0.4650726141150461
11209,0.4142901898281053,0.46502239141657487
11210,0.41424058858734336,0.4649721684572782
11211,0.41419098760742656,0.46492194523716823
11212,0.41414138688836344,0.4648717217562134
11213,0.4140917864301369,0.46482149801440187
11214,0.41404218623279954,0.4647712740117518
11215,0.4139925862963292,0.4647210497482095
11216,0.4139429866207275,0.4646708252237989
11217,0.41389338720603897,0.4646206004385167
11218,0.41384378805224464,0.4645703753923216
11219,0.4137941891593755,0.46452015008522873
11220,0.4137445905274213,0.4644699245172078
11221,0.4136949921563988,0.4644196986882708
11222,0.4136453940463346,0.46436947259840056
11223,0.4135957961972013,0.4643192462475697
11224,0.41354619860903963,0.4642690196358056
11225,0.4134966012818482,0.4642187927630671
11226,0.4134470042156446,0.46416856562935704
11227,0.41339740741042497,0.46411833823465853
11228,0.41334781086621286,0.46406811057897124
11229,0.4132982145830153,0.4640178826622757
11230,0.4132486185608266,0.4639676544845639
11231,0.41319902279967535,0.4639174260458405
11232,0.4131494272995633,0.46386719734607795
11233,0.4130998320605084,0.4638169683852734
11234,0.4130502370825053,0.4637667391634116
11235,0.4130006423655641,0.46371650968049305
11236,0.4129510479097116,0.46366627993651266
11237,0.41290145371495757,0.4636160499314401
11238,0.4128518597812907,0.46356581966526866
11239,0.4128022661087358,0.4635155891380073
11240,0.4127526726973081,0.4634653583496322
11241,0.4127030795469915,0.4634151273001268
11242,0.41265348665782675,0.4633648959895076
11243,0.4126038940298079,0.4633146644177356
11244,0.4125543016629458,0.46326443258481753
11245,0.4125047095572545,0.4632142004907376
11246,0.4124551177127358,0.4631639681354861
11247,0.41240552612941084,0.4631137355190599
11248,0.4123559348072774,0.4630635026414379
11249,0.41230634374636,0.4630132695026218
11250,0.4122567529466593,0.46296303610258693
11251,0.412207162408188,0.4629128024413347
11252,0.4121575721309423,0.4628625685188511
11253,0.41210798211494526,0.462812334335138
11254,0.41205839236022657,0.4627620998901748
11255,0.4120088028667588,0.4627118651839336
11256,0.4119592136345738,0.46266163021643614
11257,0.4119096246636659,0.4626113949876549
11258,0.41186003595405984,0.4625611594975948
11259,0.4118104475057722,0.4625109237462306
11260,0.4117608593187918,0.4624606877335461
11261,0.411711271393143,0.4624104514595525
11262,0.4116616837288446,0.4623602149242243
11263,0.41161209632587137,0.4623099781275428
11264,0.4115625091842694,0.46225974106953627
11265,0.41151292230403047,0.4622095037501541
11266,0.4114633356851849,0.46215926616940817
11267,0.4114137493276968,0.4621090283272665
11268,0.4113641632316358,0.46205879022376506
11269,0.41131457739696686,0.46200855185883594
11270,0.4112649918237222,0.46195831323251024
11271,0.41121540651191957,0.46190807434475867
11272,0.4111658214615346,0.4618578351955641
11273,0.4111162366726042,0.4618075957849488
11274,0.41106665214512106,0.4617573561128768
11275,0.41101706787912384,0.4617071161793561
11276,0.41096748387460624,0.46165687598434757
11277,0.4109179001315648,0.4616066355278552
11278,0.4108683166500291,0.46155639480988697
11279,0.41081873343001063,0.46150615383040916
11280,0.41076915047150364,0.46145591258941343
11281,0.4107195677745388,0.4614056710869038
11282,0.41066998533910204,0.46135542932284834
11283,0.4106204031652274,0.46130518729726433
11284,0.41057082125289446,0.46125494501011455
11285,0.4105212396021418,0.46120470246142264
11286,0.4104716582129707,0.461154459651148
11287,0.4104220770853957,0.46110421657928913
11288,0.4103724962194215,0.4610539732458322
11289,0.4103229156150576,0.4610037296507713
11290,0.410273335272312,0.46095348579409823
11291,0.41022375519120446,0.4609032416758051
11292,0.4101741753717427,0.4608529972958726
11293,0.4101245958139321,0.46080275265428994
11294,0.4100750165177762,0.46075250775105636
11295,0.4100254374833002,0.460702262586165
11296,0.40997585871051223,0.4606520171595918
11297,0.40992628019942745,0.46060177147132786
11298,0.40987670195002845,0.46055152552135914
11299,0.40982712396235366,0.4605012793097022
11300,0.4097775462364097,0.4604510328363195
11301,0.4097279687721813,0.4604007861012024
11302,0.40967839156971253,0.4603505391043695
11303,0.40962881462900447,0.46030029184577315
11304,0.4095792379500588,0.46025004432541317
11305,0.4095296615328896,0.4601997965432916
11306,0.40948008537752156,0.46014954849938894
11307,0.40943050948393234,0.46009930019368395
11308,0.4093809338521549,0.46004905162619747
11309,0.4093313584822196,0.45999880279689664
11310,0.40928178337408505,0.4599485537057524
11311,0.40923220852780295,0.4598983043528059
11312,0.4091826339433724,0.45984805473800283
11313,0.4091330596208067,0.45979780486134725
11314,0.4090834855601031,0.4597475547228246
11315,0.4090339117612882,0.4596973043224365
11316,0.4089843382243694,0.4596470536601589
11317,0.4089347649493401,0.4595968027359817
11318,0.4088851919362386,0.4595465515499132
11319,0.4088356191850533,0.4594963001019158
11320,0.40878604669581886,0.4594460483919999
11321,0.4087364744685049,0.45939579642013084
11322,0.40868690250316275,0.459345544186338
11323,0.40863733079977993,0.45929529169057204
11324,0.408587759358383,0.4592450389328435
11325,0.4085381881789536,0.4591947859131281
11326,0.40848861726156205,0.45914453263144206
11327,0.40843904660614605,0.4590942790877155
11328,0.40838947621276533,0.4590440252820127
11329,0.40833990608139237,0.4589937712142722
11330,0.40829033621208377,0.4589435168845216
11331,0.40824076660480957,0.45889326229270333
11332,0.4081911972596133,0.4588430074388494
11333,0.4081416281764867,0.45879275232291516
11334,0.4080920593554258,0.4587424969449072
11335,0.4080424907964778,0.4586922413048351
11336,0.4079929224996308,0.45864198540264633
11337,0.40794335446489083,0.4585917292383537
11338,0.4078937866922907,0.45854147281195135
11339,0.4078442191818228,0.45849121612340815
11340,0.40779465193348774,0.4584409591727291
11341,0.4077450849473182,0.4583907019599147
11342,0.40769551822333694,0.45834044448493505
11343,0.40764595176150775,0.4582901867477639
11344,0.4075963855618925,0.45823992874843755
11345,0.4075468196244585,0.45818967048689574
11346,0.40749725394924097,0.45813941196316965
11347,0.40744768853625357,0.45808915317722476
11348,0.4073981233854995,0.4580388941290485
11349,0.4073485584969856,0.45798863481863683
11350,0.40729899387072455,0.4579383752459828
11351,0.4072494295067357,0.45788811541107177
11352,0.4071998654050146,0.45783785531388743
11353,0.40715030156559995,0.45778759495443444
11354,0.4071007379884699,0.45773733433267116
11355,0.40705117467364926,0.4576870734486209
11356,0.407001611621149,0.45763681230225983
11357,0.40695204883097635,0.4575865508935756
11358,0.4069024863031414,0.4575362892225612
11359,0.4068529240376787,0.45748602728920773
11360,0.4068033620345737,0.4574357650934797
11361,0.40675380029382313,0.4573855026353907
11362,0.40670423881547624,0.4573352399149463
11363,0.40665467759953233,0.45728497693209513
11364,0.406605116645983,0.4572347136868389
11365,0.40655555595485016,0.4571844501791854
11366,0.40650599552614786,0.45713418640911385
11367,0.40645643535988096,0.4570839223766091
11368,0.4064068754560779,0.45703365808166796
11369,0.4063573158147352,0.45698339352425843
11370,0.40630775643585737,0.45693312870438696
11371,0.406258197319473,0.45688286362204955
11372,0.4062086384655794,0.4568325982772148
11373,0.40615907987418043,0.45678233266988766
11374,0.4061095215453019,0.45673206680006384
11375,0.40605996347897166,0.4566818006677179
11376,0.40601040567516955,0.45663153427282044
11377,0.40596084813391276,0.45658126761539286
11378,0.4059112908552118,0.4565310006954175
11379,0.40586173383910085,0.45648073351288376
11380,0.4058121770855625,0.45643046606775906
11381,0.405762620594615,0.4563801983600573
11382,0.4057130643662865,0.45632993038976377
11383,0.40566350840055465,0.45627966215684845
11384,0.4056139526974636,0.4562293936613351
11385,0.4055643972570012,0.4561791249031779
11386,0.4055148420791952,0.4561288558823897
11387,0.40546528716406105,0.45607858659894296
11388,0.405415732511589,0.4560283170528222
11389,0.40536617812179765,0.455978047244037
11390,0.4053166239946987,0.45592777717256905
11391,0.40526707013031493,0.4558775068384059
11392,0.40521751652864113,0.4558272362415243
11393,0.4051679631896944,0.45577696538193213
11394,0.4051184101134866,0.4557266942596091
11395,0.4050688573000285,0.45567642287454724
11396,0.40501930474933656,0.45562615122673034
11397,0.40496975246142597,0.4555758793161465
11398,0.4049202004362711,0.4555256071427791
11399,0.40487064867393174,0.4554753347066547
11400,0.4048210971743984,0.45542506200771116
11401,0.4047715459376817,0.4553747890459583
11402,0.40472199496379424,0.45532451582138833
11403,0.4046724442527454,0.45527424233398694
11404,0.40462289380454686,0.45522396858374214
11405,0.40457334361921826,0.45517369457064694
11406,0.40452379369675784,0.45512342029467867
11407,0.40447424403718346,0.45507314575583946
11408,0.40442469464050157,0.4550228709541134
11409,0.4043751455067376,0.454972595889492
11410,0.4043255966358892,0.45492232056194837
11411,0.4042760480279708,0.4548720449714888
11412,0.4042264996829831,0.45482176911809524
11413,0.4041769516009486,0.4547714930017701
11414,0.40412740378189826,0.45472121662248877
11415,0.4040778562258185,0.4546709399802209
11416,0.4040283089327249,0.45462066307498217
11417,0.4039787619026207,0.4545703859067528
11418,0.4039292151355358,0.45452010847553126
11419,0.40387966863147207,0.45446983078129
11420,0.403830122390441,0.45441955282402335
11421,0.403780576412444,0.45436927460372245
11422,0.4037310306975186,0.4543189961203856
11423,0.4036814852456436,0.45426871737397356
11424,0.4036319400568652,0.4542184383645109
11425,0.403582395131171,0.4541681590919465
11426,0.40353285046857823,0.45411787955629723
11427,0.4034833060691021,0.4540675997575444
11428,0.4034337619327344,0.45401731969567183
11429,0.4033842180595224,0.45396703937068883
11430,0.4033346744494468,0.45391675878254745
11431,0.4032851311025285,0.4538664779312672
11432,0.4032355880188001,0.45381619681682706
11433,0.40318604519824497,0.453765915439195
11434,0.4031365026408742,0.453715633798389
11435,0.4030869603467153,0.45366535189439483
11436,0.40303741831577133,0.45361506972718535
11437,0.402987876548067,0.4535647872967584
11438,0.4029383350435969,0.45351450460309173
11439,0.40288879380235953,0.4534642216461868
11440,0.40283925282440636,0.4534139384260465
11441,0.40278971210972125,0.4533636549426212
11442,0.40274017165832743,0.45331337119592474
11443,0.4026906314702382,0.4532630871859329
11444,0.4026410915454437,0.45321280291263666
11445,0.4025915518839759,0.4531625183760424
11446,0.4025420124858451,0.4531122335761181
11447,0.40249247335105287,0.45306194851285486
11448,0.402442934479623,0.45301166318625175
11449,0.40239339587155953,0.4529613775962825
11450,0.40234385752687696,0.4529110917429451
11451,0.40229431944558247,0.4528608056262239
11452,0.40224478162769683,0.45281051924611393
11453,0.4021952440732173,0.45276023260259135
11454,0.4021457067821691,0.4527099456956599
11455,0.4020961697545653,0.45265965852529444
11456,0.4020466329903908,0.4526093710914839
11457,0.4019970964896976,0.45255908339424
11458,0.40194756025247835,0.45250879543351397
11459,0.40189802427873933,0.4524585072093097
11460,0.40184848856850075,0.45240821872162296
11461,0.4017989531217592,0.45235792997043467
11462,0.4017494179385659,0.4523076409557468
11463,0.4016998830188814,0.4522573516775076
11464,0.4016503483627384,0.4522070621357567
11465,0.40160081397017344,0.45215677233046314
11466,0.40155127984115424,0.45210648226158756
11467,0.4015017459757282,0.4520561919291647
11468,0.4014522123738846,0.4520059013331472
11469,0.4014026790356462,0.45195561047354404
11470,0.401353145961039,0.45190531935033373
11471,0.40130361315004737,0.45185502796348853
11472,0.401254080602673,0.45180473631302653
11473,0.40120454831898555,0.45175444439894397
11474,0.4011550162989401,0.4517041522211721
11475,0.40110548454258765,0.4516538597797569
11476,0.4010559530498964,0.45160356707464466
11477,0.40100642182092927,0.45155327410587087
11478,0.4009568908556581,0.4515029808733687
11479,0.400907360154123,0.4514526873771679
11480,0.40085782971630435,0.45140239361722856
11481,0.4008082995422433,0.4513520995935726
11482,0.4007587696319381,0.45130180530615405
11483,0.4007092399854062,0.45125151075497827
11484,0.4006597106026577,0.45120121594002616
11485,0.40061018148369754,0.45115092086128816
11486,0.4005606526285419,0.4511006255187613
11487,0.4005111240372057,0.4510503299124252
11488,0.40046159570970885,0.45100003404226885
11489,0.40041206764604564,0.45094973790826953
11490,0.40036253984624737,0.45089944151043515
11491,0.4003130123103117,0.45084914484873195
11492,0.40026348503824316,0.4507988479231648
11493,0.4002139580300712,0.45074855073372644
11494,0.40016443128580925,0.4506982532803916
11495,0.4001149048054464,0.45064795556314186
11496,0.40006537858903435,0.45059765758199244
11497,0.40001585263655215,0.45054735933688805
11498,0.39996632694802603,0.45049706082785346
11499,0.3999168015234422,0.45044676205485845
11500,0.39986727636285124,0.4503964630179197
11501,0.39981775146625886,0.45034616371698366
11502,0.39976822683363245,0.4502958641520497
11503,0.39971870246504715,0.4502455643231451
11504,0.3996691783604791,0.4501952642301974
11505,0.3996196545199451,0.45014496387323
11506,0.3995701309434605,0.45009466325222525
11507,0.39952060763104025,0.45004436236716994
11508,0.39947108458268477,0.4499940612180471
11509,0.39942156179841803,0.4499437598048578
11510,0.39937203927824694,0.4498934581275752
11511,0.39932251702218236,0.44984315618619797
11512,0.3992729950302514,0.44979285398070956
11513,0.399223473302452,0.4497425515110842
11514,0.39917395183879756,0.44969224877732583
11515,0.3991244306392938,0.4496419457794205
11516,0.39907490970397475,0.4495916425173604
11517,0.399025389032831,0.4495413389911147
11518,0.39897586862588663,0.44949103520068934
11519,0.3989263484831497,0.4494407311460641
11520,0.39887682860463225,0.44939042682722696
11521,0.3988273089903378,0.44934012224417075
11522,0.3987777896402991,0.4492898173968871
11523,0.39872827055449933,0.4492395122853444
11524,0.3986787517329936,0.44918920690956177
11525,0.3986292331757657,0.44913890126948197
11526,0.3985797148828172,0.449088595365122
11527,0.39853019685419167,0.4490382891964795
11528,0.3984806790898737,0.4489879827635118
11529,0.3984311615898942,0.4489376760662338
11530,0.3983816443542476,0.44888736910461535
11531,0.39833212738296475,0.44883706187866246
11532,0.3982826106760655,0.44878675438834115
11533,0.39823309423352415,0.44873644663363355
11534,0.3981835780553853,0.44868613861456885
11535,0.3981340621416567,0.44863583033109544
11536,0.3980845464923439,0.44858552178321187
11537,0.39803503110745386,0.4485352129709086
11538,0.39798551598701337,0.4484849038941796
11539,0.397936001131036,0.4484345945529993
11540,0.3978864865395313,0.44838428494735305
11541,0.39783697221248926,0.4483339750772316
11542,0.397787458149945,0.44828366494264593
11543,0.3977379443519157,0.4482333545435584
11544,0.39768843081839034,0.448183043879954
11545,0.39763891754941394,0.4481327329518434
11546,0.3975894045449675,0.4480824217591809
11547,0.3975398918050763,0.448032110301986
11548,0.3974903793297704,0.44798179858023457
11549,0.3974408671190446,0.4479314865938928
11550,0.3973913551728865,0.4478811743429687
11551,0.3973418434913579,0.44783086182747667
11552,0.3972923320744428,0.4477805490473502
11553,0.39724282092215935,0.4477302360026093
11554,0.3971933100345113,0.44767992269323376
11555,0.39714379941154365,0.447629609119219
11556,0.3970942890532132,0.44757929528052287
11557,0.3970447789595941,0.447528981177186
11558,0.3969952691306535,0.4474786668091353
11559,0.3969457595664263,0.4474283521764041
11560,0.3968962502669172,0.44737803727895675
11561,0.39684674123214103,0.4473277221167885
11562,0.39679723246211585,0.4472774066898836
11563,0.3967477239568431,0.44722709099822733
11564,0.39669821571634156,0.4471767750418145
11565,0.39664870774063044,0.4471264588206293
11566,0.3965992000297174,0.447076142334649
11567,0.3965496925835986,0.4470258255838697
11568,0.39650018540231535,0.4469755085682937
11569,0.39645067848585935,0.4469251912878791
11570,0.3964011718342576,0.44687487374263335
11571,0.3963516654475153,0.44682455593253334
11572,0.39630215932563995,0.4467742378575704
11573,0.39625265346866234,0.44672391951773616
11574,0.3962031478765784,0.44667360091300223
11575,0.39615364254938823,0.44662328204337276
11576,0.39610413748714257,0.44657296290884785
11577,0.3960546326898243,0.446522643509374
11578,0.3960051281574666,0.44647232384497104
11579,0.3959556238900679,0.44642200391560427
11580,0.39590611988763136,0.446371683721276
11581,0.3958566161502052,0.4463213632619839
11582,0.3958071126777647,0.4462710425376788
11583,0.3957576094703419,0.4462207215483851
11584,0.3957081065279524,0.4461704002940702
11585,0.39565860385060625,0.4461200787747206
11586,0.39560910143830763,0.44606975699032436
11587,0.3955595992910699,0.4460194349408788
11588,0.3955100974089144,0.4459691126263684
11589,0.39546059579185755,0.4459187900467736
11590,0.39541109443990097,0.44586846720207796
11591,0.3953615933530549,0.44581814409227993
11592,0.3953120925313468,0.445767820717367
11593,0.39526259197479285,0.4457174970773137
11594,0.3952130916833878,0.4456671731721066
11595,0.39516359165714743,0.44561684900174403
11596,0.3951140918960907,0.4455665245662169
11597,0.3950645924002325,0.4455161998655023
11598,0.39501509316958605,0.44546587489958545
11599,0.39496559420415656,0.4454155496684572
11600,0.3949160955039668,0.4453652241721069
11601,0.3948665970690215,0.4453148984105143
11602,0.39481709889933736,0.4452645723836758
11603,0.3947676009949268,0.44521424609157345
11604,0.3947181033558165,0.44516391953419454
11605,0.3946686059819875,0.4451135927115122
11606,0.39461910887348384,0.4450632656235458
11607,0.3945696120302956,0.44501293827025135
11608,0.39452011545246646,0.44496261065163956
11609,0.39447061913997916,0.44491228276766526
11610,0.39442112309285793,0.44486195461834743
11611,0.39437162731111186,0.44481162620366055
11612,0.3943221317947597,0.4447612975235947
11613,0.3942726365438105,0.44471096857813497
11614,0.39422314155828286,0.44466063936726674
11615,0.3941736468381869,0.44461030989097505
11616,0.39412415238354703,0.44455998014925013
11617,0.3940746581943477,0.44450965014206545
11618,0.3940251642706316,0.44445931986943876
11619,0.3939756706124051,0.4444089893313251
11620,0.3939261772196594,0.4443586585277193
11621,0.39387668409243637,0.44430832745863025
11622,0.39382719123073784,0.4442579961240152
11623,0.393777698634573,0.44420766452387406
11624,0.3937282063039589,0.444157332658195
11625,0.393678714238904,0.44410700052696306
11626,0.39362922243943776,0.4440566681301701
11627,0.39357973090555887,0.4440063354677848
11628,0.3935302396372865,0.44395600253981016
11629,0.39348074863463256,0.44390566934622655
11630,0.39343125789760736,0.44385533588702186
11631,0.3933817674262121,0.4438050021621842
11632,0.3933322772204917,0.44375466817171605
11633,0.3932827872804435,0.44370433391556907
11634,0.3932332976060623,0.4436539993937467
11635,0.39318380819738563,0.44360366460625644
11636,0.39313431905443397,0.4435533295530567
11637,0.393084830177193,0.44350299423413153
11638,0.39303534156569486,0.44345265864949246
11639,0.3929858532199524,0.4434023227991064
11640,0.39293636513995844,0.44335198668296283
11641,0.392886877325753,0.44330165030106805
11642,0.3928373897773372,0.443251313653381
11643,0.3927879024947347,0.44320097673990355
11644,0.39273841547793453,0.4431506395606085
11645,0.3926889287269755,0.4431003021155089
11646,0.3926394422418501,0.44304996440456645
11647,0.3925899560226095,0.4429996264277859
11648,0.39254047006922066,0.4429492881851197
11649,0.39249098438172925,0.4428989496765974
11650,0.3924414989601137,0.442848610902176
11651,0.3923920138044412,0.44279827186187515
11652,0.3923425289146769,0.4427479325556297
11653,0.39229304429085965,0.44269759298347144
11654,0.39224355993299265,0.44264725314536524
11655,0.3921940758411039,0.44259691304130544
11656,0.39214459201517127,0.4425465726712633
11657,0.3920951084552571,0.442496232035265
11658,0.39204562516133057,0.4424458911332442
11659,0.39199614213343614,0.44239554996523134
11660,0.39194665937157724,0.4423452085311861
11661,0.39189717687576553,0.44229486683110186
11662,0.3918476946460123,0.4422445248649679
11663,0.39179821268235426,0.44219418263277177
11664,0.39174873098475205,0.4421438401344785
11665,0.3916992495532674,0.44209349737012704
11666,0.39164976838791543,0.44204315433965335
11667,0.3916002874886644,0.4419928110430461
11668,0.39155080685558363,0.44194246748033483
11669,0.3915013264886469,0.44189212365144914
11670,0.39145184638788955,0.441841779556419
11671,0.39140236655331373,0.44179143519520614
11672,0.39135288698494186,0.4417410905678065
11673,0.39130340768276917,0.4416907456742032
11674,0.3912539286468313,0.44164040051439724
11675,0.39120444987713576,0.44159005508835314
11676,0.39115497137370103,0.44153970939606324
11677,0.3911054931365199,0.4414893634375102
11678,0.39105601516561705,0.4414390172127012
11679,0.3910065374610199,0.44138867072161236
11680,0.39095706002272534,0.44133832396421313
11681,0.39090758285076177,0.4412879769405088
11682,0.39085810594512727,0.44123762965047086
11683,0.39080862930584936,0.44118728209410263
11684,0.39075915293293084,0.4411369342713731
11685,0.39070967682639557,0.44108658618228247
11686,0.3906602009862392,0.4410362378268051
11687,0.39061072541249753,0.4409858892049463
11688,0.39056125010518894,0.4409355403166698
11689,0.39051177506430235,0.44088519116195757
11690,0.39046230028985285,0.4408348417408199
11691,0.3904128257818781,0.440784492053244
11692,0.3903633515403697,0.44073414209918904
11693,0.3903138775653474,0.44068379187866646
11694,0.39026440385683814,0.44063344139165406
11695,0.3902149304148508,0.4405830906381256
11696,0.3901654572393818,0.44053273961807216
11697,0.3901159843304687,0.4404823883314988
11698,0.3900665116881086,0.4404320367783663
11699,0.3900170393123169,0.4403816849586768
11700,0.3899675672031264,0.440331332872417
11701,0.3899180953605208,0.44028098051955267
11702,0.38986862378453524,0.44023062790010126
11703,0.38981915247518883,0.440180275014027
11704,0.38976968143247226,0.44012992186131017
11705,0.3897202106564015,0.4400795684419613
11706,0.3896707401470294,0.440029214755964
11707,0.38962126990433943,0.43997886080326476
11708,0.38957179992832836,0.43992850658388016
11709,0.3895223302190397,0.43987815209781533
11710,0.389472860776489,0.4398277973450232
11711,0.389423391600647,0.43977744232549243
11712,0.3893739226915969,0.4397270870392487
11713,0.3893244540492954,0.43967673148621034
11714,0.38927498567378516,0.4396263756664204
11715,0.3892255175650807,0.43957601957983683
11716,0.3891760497231781,0.4395256632264448
11717,0.38912658214810025,0.43947530660624845
11718,0.3890771148398615,0.43942494971922363
11719,0.3890276477984871,0.4393745925653566
11720,0.38897818102396553,0.4393242351446237
11721,0.3889287145163436,0.43927387745703483
11722,0.3888792482755996,0.4392235195025421
11723,0.38882978230179166,0.43917316128116957
11724,0.3887803165948778,0.4391228027928584
11725,0.38873085115493844,0.4390724440376501
11726,0.38868138598193447,0.43902208501546414
11727,0.38863192107588174,0.438971725726339
11728,0.3885824564368312,0.4389213661702629
11729,0.3885329920647804,0.438871006347179
11730,0.38848352795973495,0.4388206462570934
11731,0.38843406412170955,0.4387702858999988
11732,0.38838460055072543,0.43871992527588255
11733,0.38833513724680346,0.43866956438472227
11734,0.38828567420994275,0.4386192032264946
11735,0.3882362114401616,0.43856884180120426
11736,0.38818674893747984,0.43851848010883276
11737,0.38813728670190795,0.4384681181493585
11738,0.3880878247334669,0.43841775592277
11739,0.3880383630321538,0.43836739342904874
11740,0.3879889015980107,0.4383170306681964
11741,0.38793944043102013,0.4382666676401712
11742,0.38788997953121673,0.4382163043449908
11743,0.3878405188986187,0.4381659407826214
11744,0.3877910585332116,0.43811557695304104
11745,0.38774159843506295,0.4380652128562693
11746,0.3876921386041321,0.43801484849223515
11747,0.38764267904044813,0.4379644838609811
11748,0.38759321974405514,0.4379141189624768
11749,0.38754376071492436,0.4378637537966784
11750,0.3874943019531063,0.43781338836361594
11751,0.3874448434585953,0.4377630226632374
11752,0.38739538523140693,0.43771265669554693
11753,0.38734592727157646,0.4376622904605334
11754,0.3872964695790866,0.4376119239581576
11755,0.38724701215397506,0.4375615571884405
11756,0.3871975549962421,0.43751119015133866
11757,0.38714809810592143,0.4374608228468584
11758,0.38709864148299356,0.43741045527496114
11759,0.38704918512750675,0.43736008743567034
11760,0.3869997290394741,0.43730971932893226
11761,0.38695027321888487,0.43725935095473945
11762,0.38690081766577256,0.437208982313099
11763,0.38685136238014617,0.43715861340397966
11764,0.38680190736201525,0.4371082442273728
11765,0.3867524526114017,0.43705787478326463
11766,0.3867029981283261,0.43700750507163844
11767,0.3866535439127947,0.4369571350924709
11768,0.38660408996481976,0.4369067648457554
11769,0.3865546362844148,0.43685639433148205
11770,0.38650518287160973,0.4368060235496338
11771,0.38645572972640607,0.43675565250018356
11772,0.38640627684880746,0.4367052811831287
11773,0.38635682423885565,0.43665490959846553
11774,0.38630737189653996,0.4366045377461537
11775,0.38625791982190893,0.4365541656262033
11776,0.3862084680149389,0.4365037932385626
11777,0.3861590164756721,0.43645342058326064
11778,0.38610956520410467,0.43640304766025195
11779,0.38606011420025754,0.4363526744695404
11780,0.3860106634641429,0.43630230101110534
11781,0.38596121299577546,0.43625192728493634
11782,0.3859117627951816,0.4362015532910166
11783,0.3858623128623826,0.4361511790293193
11784,0.38581286319736396,0.4361008044998259
11785,0.3857634138001489,0.43605042970254715
11786,0.3857139646707667,0.4360000546374635
11787,0.38566451580922256,0.4359496793045431
11788,0.3856150672155354,0.4358993037037826
11789,0.38556561888972274,0.4358489278351614
11790,0.38551617083178324,0.43579855169866133
11791,0.3854667230417349,0.4357481752942879
11792,0.38541727551962524,0.4356977986220185
11793,0.38536782826542804,0.43564742168180826
11794,0.38531838127917917,0.43559704447368264
11795,0.3852689345608883,0.43554666699760636
11796,0.3852194881105724,0.4354962892535681
11797,0.38517004192823945,0.4354459112415512
11798,0.38512059601390813,0.4353955329615491
11799,0.3850711503676135,0.43534515441354305
11800,0.3850217049893301,0.4352947755974963
11801,0.38497225987911077,0.4352443965134357
11802,0.38492281503695014,0.435194017161309
11803,0.3848733704628693,0.43514363754111907
11804,0.3848239261568671,0.4350932576528467
11805,0.3847744821189798,0.43504287749649306
11806,0.38472503834922267,0.4349924970720215
11807,0.38467559484759817,0.43494211637941793
11808,0.3846261516141316,0.43489173541867665
11809,0.384576708648816,0.43484135418977543
11810,0.3845272659517047,0.4347909726927206
11811,0.38447782352279214,0.4347405909274582
11812,0.38442838136208024,0.43469020889399346
11813,0.3843789394696,0.43463982659232603
11814,0.3843294978453631,0.43458944402242283
11815,0.38428005648938857,0.43453906118427454
11816,0.3842306154016818,0.4344886780778603
11817,0.3841811745822734,0.4344382947031752
11818,0.38413173403116363,0.4343879110601889
11819,0.384082293748364,0.4343375271489005
11820,0.38403285373390594,0.43428714296929927
11821,0.3839834139877947,0.434236758521354
11822,0.3839339745100514,0.4341863738050582
11823,0.38388453530068345,0.43413598882039184
11824,0.3838350963597137,0.43408560356734693
11825,0.3837856576871519,0.4340352180459014
11826,0.3837362192830156,0.43398483225604356
11827,0.3836867811473208,0.43393444619775723
11828,0.3836373432800759,0.43388405987102796
11829,0.38358790568130663,0.43383367327584477
11830,0.38353846835102046,0.433783286412182
11831,0.38348903128924716,0.4337328992800351
11832,0.3834395944959802,0.4336825118793689
11833,0.3833901579712369,0.4336321242101969
11834,0.38334072171505096,0.4335817362724971
11835,0.3832912857274182,0.43353134806623683
11836,0.38324185000837363,0.4334809595914203
11837,0.38319241455791386,0.4334305708480132
11838,0.38314297937606556,0.43338018183601634
11839,0.3830935444628327,0.43332979255540716
11840,0.383044109818248,0.43327940300617906
11841,0.3829946754423157,0.43322901318829843
11842,0.3829452413350565,0.4331786231017629
11843,0.3828958074964808,0.4331282327465521
11844,0.3828463739265937,0.43307784212265343
11845,0.38279694062544833,0.43302745123006436
11846,0.3827475075930096,0.4329770600687295
11847,0.38269807482933316,0.43292666863868645
11848,0.3826486423343949,0.4328762769398754
11849,0.3825992101082588,0.4328258849723252
11850,0.38254977815090196,0.4327754927359687
11851,0.38250034646235853,0.4327251002308311
11852,0.38245091504263207,0.432674707456876
11853,0.38240148389174,0.43262431441410054
11854,0.3823520530097104,0.4325739211024888
11855,0.382302622396554,0.43252352752201106
11856,0.38225319205229547,0.4324731336726564
11857,0.38220376197691885,0.43242273955440214
11858,0.3821543321704586,0.43237234516726153
11859,0.3821049026329236,0.4323219505112027
11860,0.38205547336435264,0.4322715555862152
11861,0.38200604436473395,0.432221160392259
11862,0.38195661563410876,0.43217076492934925
11863,0.3819071871724504,0.4321203691974418
11864,0.3818577589798179,0.4320699731965656
11865,0.3818083310562077,0.4320195769266595
11866,0.38175890340165264,0.4319691803877287
11867,0.381709476016145,0.4319187835797391
11868,0.38166004889970095,0.4318683865026982
11869,0.3816106220523541,0.4318179891565921
11870,0.38156119547409584,0.4317675915413851
11871,0.38151176916496143,0.43171719365708683
11872,0.3814623431249804,0.43166679550366105
11873,0.38141291735412086,0.4316163970810788
11874,0.3813634918524481,0.43156599838937226
11875,0.3813140666199544,0.4315155994284756
11876,0.3812646416566594,0.4314652001983972
11877,0.38121521696256255,0.4314148006991163
11878,0.3811657925377072,0.43136440093063466
11879,0.3811163683820825,0.4313140008929083
11880,0.381066944495726,0.4312636005859476
11881,0.3810175208786444,0.43121320000971575
11882,0.38096809753086014,0.4311627991642071
11883,0.38091867445238536,0.4311123980493966
11884,0.38086925164321705,0.43106199666527467
11885,0.3808198291033962,0.4310115950118416
11886,0.3807704068329294,0.4309611930890599
11887,0.3807209848318369,0.4309107908969201
11888,0.38067156310013084,0.430860388435402
11889,0.38062214163782593,0.43080998570449536
11890,0.38057272044492785,0.43075958270418324
11891,0.380523299521478,0.4307091794344612
11892,0.38047387886747486,0.4306587758952892
11893,0.38042445848293216,0.43060837208666725
11894,0.3803750383678619,0.43055796800858015
11895,0.3803256185223072,0.4305075636610195
11896,0.38027619894624953,0.4304571590439401
11897,0.3802267796397316,0.43040675415735796
11898,0.380177360602753,0.4303563490012343
11899,0.38012794183534737,0.43030594357556906
11900,0.38007852333749814,0.43025553788032656
11901,0.3800291051092546,0.43020513191552545
11902,0.37997968715060804,0.4301547256811151
11903,0.37993026946159025,0.43010431917710357
11904,0.37988085204222366,0.4300539124034608
11905,0.3798314348925004,0.4300035053601634
11906,0.3797820180124507,0.42995309804722126
11907,0.3797326014020953,0.42990269046460117
11908,0.3796831850614475,0.4298522826122837
11909,0.3796337689905187,0.4298018744902534
11910,0.3795843531893107,0.429751466098503
11911,0.37953493765786683,0.429701057437031
11912,0.3794855223961847,0.42965064850578827
11913,0.37943610740428757,0.42960023930478064
11914,0.3793866926821994,0.42954982983398626
11915,0.37933727822992447,0.42949942009337894
11916,0.37928786404746995,0.42944901008295533
11917,0.37923845013488966,0.42939859980270856
11918,0.37918903649215085,0.4293481892525841
11919,0.3791396231193038,0.4292977784326143
11920,0.3790902100163466,0.42924736734275015
11921,0.3790407971833083,0.4291969559829931
11922,0.37899138462019843,0.4291465443533137
11923,0.37894197232703286,0.4290961324537039
11924,0.3788925603038301,0.42904572028414434
11925,0.3788431485506103,0.4289953078446205
11926,0.37879373706737274,0.42894489513510903
11927,0.37874432585415196,0.428894482155614
11928,0.37869491491095664,0.42884406890609783
11929,0.3786455042378041,0.42879365538655323
11930,0.3785960938347055,0.4287432415969613
11931,0.37854668370167976,0.4286928275373143
11932,0.37849727383875886,0.4286424132075908
11933,0.3784478642459458,0.42859199860775843
11934,0.37839845492324753,0.42854158373781537
11935,0.3783490458706813,0.42849116859775405
11936,0.3782996370882836,0.4284407531875579
11937,0.3782502285760557,0.4283903375071896
11938,0.3782008203340258,0.42833992155664946
11939,0.37815141236219274,0.4282895053359058
11940,0.3781020046605742,0.4282390888449641
11941,0.37805259722919593,0.4281886720838033
11942,0.3780031900680674,0.4281382550523991
11943,0.3779537831772126,0.42808783775074455
11944,0.3779043765566652,0.4280374201788104
11945,0.3778549702064058,0.4279870023365655
11946,0.3778055641264674,0.42793658422403014
11947,0.3777561583168605,0.427886165841171
11948,0.37770675277759935,0.42783574718797723
11949,0.37765734750872726,0.4277853282644326
11950,0.3776079425102232,0.42773490907049794
11951,0.37755853778211856,0.42768448960618954
11952,0.3775091333244457,0.42763406987148
11953,0.3774597291372006,0.42758364986633535
11954,0.3774103252204135,0.427533229590759
11955,0.37736092157408674,0.42748280904472313
11956,0.3773115181982458,0.42743238822822216
11957,0.3772621150929062,0.427381967141232
11958,0.3772127122580786,0.4273315457837382
11959,0.3771633096938004,0.42728112415572894
11960,0.377113907400051,0.42723070225716653
11961,0.37706450537687286,0.42718028008807163
11962,0.377015103624292,0.4271298576484045
11963,0.3769657021422903,0.42707943493813416
11964,0.3769163009309152,0.4270290119572818
11965,0.37686689999017986,0.4269785887058012
11966,0.376817499320087,0.4269281651836757
11967,0.3767680989206519,0.42687774139090595
11968,0.37671869879192255,0.4268273173274727
11969,0.376669298933874,0.426776892993333
11970,0.3766198993465488,0.4267264683885079
11971,0.37657050002994574,0.42667604351295696
11972,0.37652110098410185,0.42662561836668
11973,0.3764717022090247,0.4265751929496421
11974,0.37642230370472607,0.42652476726183197
11975,0.3763729054712244,0.426474341303241
11976,0.3763235075085387,0.42642391507385
11977,0.37627410981667586,0.4263734885736399
11978,0.37622471239567656,0.42632306180260315
11979,0.3761753152455529,0.4262726347606992
11980,0.3761259183662844,0.4262222074479164
11981,0.37607652175793227,0.4261717798642758
11982,0.3760271254205072,0.42612135200971457
11983,0.37597772935398277,0.42607092388422396
11984,0.37592833355843935,0.4260204954878294
11985,0.3758789380338403,0.42597006682045013
11986,0.37582954278024006,0.4259196378821237
11987,0.3757801477976319,0.4258692086727943
11988,0.37573075308603066,0.4258187791924697
11989,0.375681358645493,0.4257683494411353
11990,0.37563196447598324,0.4257179194187327
11991,0.37558257057753774,0.42566748912529995
11992,0.37553317695018595,0.42561705856079923
11993,0.375483783593924,0.4255666277252028
11994,0.3754343905088029,0.42551619661851225
11995,0.3753849976947885,0.42546576524067714
11996,0.37533560515194064,0.4254153335917319
11997,0.37528621288025477,0.4253649016716178
11998,0.3752368208797652,0.42531446948033724
11999,0.375187429150476,0.42526403701785753
12000,0.37513803769240317,0.42521360428417454
12001,0.37508864650557316,0.42516317127927195
12002,0.3750392555899835,0.4251127380031223
12003,0.37498986494567066,0.4250623044557289
12004,0.3749404745726339,0.4250118706370555
12005,0.37489108447090547,0.4249614365471036
12006,0.3748416946405041,0.42491100218583966
12007,0.37479230508144634,0.42486056755324475
12008,0.37474291579374,0.4248101326493037
12009,0.37469352677740875,0.4247596974740071
12010,0.3746441380324632,0.4247092620273327
12011,0.3745947495589155,0.42465882630926854
12012,0.37454536135679883,0.4246083903198036
12013,0.3744959734261144,0.42455795405890373
12014,0.3744465857669159,0.42450751752656957
12015,0.3743971983791464,0.4244570807227436
12016,0.37434781126289085,0.4244066436474867
12017,0.3742984244181603,0.4243562063007127
12018,0.3742490378449337,0.42430576868241077
12019,0.3741996515432421,0.42425533079260147
12020,0.3741502655131448,0.42420489263125205
12021,0.3741008797545998,0.42415445419830633
12022,0.37405149426765205,0.42410401549380516
12023,0.3740021090523189,0.42405357651770204
12024,0.37395272410859914,0.4240031372699826
12025,0.37390333943655163,0.4239526977506459
12026,0.37385395503615726,0.42390225795963343
12027,0.37380457090743713,0.4238518178969637
12028,0.37375518705042243,0.4238013775626174
12029,0.3737058034651264,0.42375093695656263
12030,0.37365642015154377,0.42370049607878435
12031,0.37360703710971843,0.42365005492928975
12032,0.3735576543396706,0.42359961350803554
12033,0.3735082718413938,0.4235491718149985
12034,0.37345888961491847,0.423498729850188
12035,0.37340950766026615,0.423448287613573
12036,0.37336012597744794,0.42339784510513134
12037,0.37331074456648183,0.4233474023248516
12038,0.373261363427388,0.42329695927271727
12039,0.37321198256017807,0.423246515948707
12040,0.3731626019648827,0.42319607235280854
12041,0.3731132216415015,0.42314562848499293
12042,0.37306384159006056,0.42309518434525917
12043,0.37301446181057507,0.4230447399335826
12044,0.37296508230306424,0.4229942952499477
12045,0.37291570306754096,0.42294385029433246
12046,0.3728663241040284,0.4228934050667271
12047,0.37281694541254407,0.4228429595671086
12048,0.3727675669931221,0.4227925137954579
12049,0.37271818884574115,0.4227420677517415
12050,0.37266881097045623,0.42269162143598005
12051,0.3726194333672488,0.4226411748481197
12052,0.372570056036151,0.42259072798817743
12053,0.37252067897721286,0.42254028085612394
12054,0.3724713021903978,0.4224898334519054
12055,0.37242192567575594,0.42243938577556084
12056,0.3723725494333108,0.4223889378270409
12057,0.372323173463053,0.4223384896063189
12058,0.3722737977650036,0.4222880411134071
12059,0.3722244223392086,0.42223759234828406
12060,0.3721750471856624,0.42218714331090323
12061,0.37212567230438687,0.42213669400126974
12062,0.3720762976953931,0.42208624441936227
12063,0.3720269233587157,0.42203579456516915
12064,0.37197754929436533,0.421985344438655
12065,0.3719281755023497,0.42193489403981277
12066,0.3718788019826984,0.4218844433686313
12067,0.37182942873541847,0.42183399242508113
12068,0.37178005576053474,0.42178354120915684
12069,0.37173068305806,0.4217330897208339
12070,0.371681310628029,0.4216826379600971
12071,0.37163193847042586,0.4216321859269119
12072,0.3715825665853112,0.4215817336212988
12073,0.37153319497266346,0.42153128104319126
12074,0.3714838236325062,0.421480828192614
12075,0.3714344525648886,0.4214303750695424
12076,0.3713850817698021,0.4213799216739281
12077,0.37133571124726916,0.42132946800577964
12078,0.3712863409973033,0.42127901406507395
12079,0.37123697101992326,0.42122855985179763
12080,0.37118760131516604,0.4211781053659315
12081,0.371138231883024,0.4211276506074392
12082,0.3710888627235158,0.4210771955763287
12083,0.3710394938366759,0.42102674027258047
12084,0.3709901252225196,0.42097628469616
12085,0.37094075688105543,0.4209258288470533
12086,0.370891388812306,0.4208753727252502
12087,0.37084202101627173,0.4208249163307288
12088,0.37079265349300905,0.4207744596634896
12089,0.3707432862424995,0.42072400272347477
12090,0.37069391926479467,0.42067354551070346
12091,0.37064455255987827,0.4206230880251237
12092,0.3705951861277804,0.4205726302667504
12093,0.37054581996852987,0.42052217223555877
12094,0.3704964540821303,0.42047171393151406
12095,0.3704470884686163,0.4204212553546154
12096,0.370397723127986,0.4203707965048262
12097,0.37034835806026134,0.42032033738215135
12098,0.3702989932654773,0.4202698779865667
12099,0.3702496287436303,0.42021941831803844
12100,0.3702002644947491,0.42016895837656876
12101,0.3701509005188399,0.4201184981621304
12102,0.37010153681594926,0.4200680376747167
12103,0.37005217338606866,0.42001757691428054
12104,0.3700028102292272,0.4199671158808307
12105,0.3699534473454459,0.4199166545743386
12106,0.36990408473472103,0.41986619299478156
12107,0.3698547223970845,0.41981573114216586
12108,0.36980536033257305,0.41976526901645805
12109,0.369755998541206,0.4197148066176223
12110,0.3697066370229498,0.4196643439456369
12111,0.3696572757778678,0.41961388100053787
12112,0.3696079148059719,0.41956341778226214
12113,0.3695585541072606,0.4195129542907954
12114,0.36950919368177737,0.41946249052613993
12115,0.3694598335295277,0.41941202648825426
12116,0.3694104736505368,0.4193615621771305
12117,0.369361114044792,0.4193110975927453
12118,0.3693117547123663,0.41926063273511116
12119,0.36926239565323726,0.4192101676041522
12120,0.3692130368674327,0.41915970219989374
12121,0.3691636783549852,0.4191092365223078
12122,0.3691143201158845,0.4190587705713603
12123,0.3690649621501716,0.41900830434706293
12124,0.369015604457852,0.418957837849375
12125,0.368966247038947,0.4189073710782897
12126,0.36891688989347915,0.4188569040337855
12127,0.3688675330214788,0.4188064367158415
12128,0.36881817642293635,0.4187559691244256
12129,0.36876882009789524,0.4187055012595505
12130,0.3687194640463556,0.41865503312116736
12131,0.36867010826833857,0.41860456470928
12132,0.36862075276386386,0.4185540960238673
12133,0.3685713975329614,0.4185036270649082
12134,0.3685220425756537,0.4184531578323729
12135,0.36847268789193277,0.41840268832623895
12136,0.368423333481821,0.4183522185465163
12137,0.36837397934533866,0.4183017484931797
12138,0.36832462548254075,0.41825127816621
12139,0.3682752718934009,0.418200807565553
12140,0.3682259185779455,0.41815033669123414
12141,0.36817656553621547,0.4180998655432262
12142,0.3681272127682028,0.418049394121491
12143,0.3680778602739435,0.417998922426033
12144,0.36802850805344733,0.41794845045681783
12145,0.3679791561067305,0.4178979782138369
12146,0.3679298044338244,0.41784750569707363
12147,0.36788045303472616,0.4177970329064954
12148,0.36783110190949175,0.41774655984210585
12149,0.3677817510580852,0.4176960865038488
12150,0.3677324004805702,0.4176456128917604
12151,0.3676830501769478,0.4175951390057764
12152,0.36763370014724917,0.41754466484589603
12153,0.36758435039147774,0.41749419041208824
12154,0.36753500090963886,0.41744371570435024
12155,0.3674856517017925,0.4173932407226756
12156,0.36743630276792705,0.4173427654670051
12157,0.36738695410804667,0.41729228993735057
12158,0.3673376057222243,0.4172418141337064
12159,0.3672882576104277,0.41719133805599984
12160,0.36723890977270324,0.4171408617042649
12161,0.3671895622090531,0.4170903850784544
12162,0.36714021491949156,0.4170399081785656
12163,0.3670908679040601,0.4169894310045843
12164,0.3670415211627647,0.4169389535564706
12165,0.3669921746956142,0.4168884758342154
12166,0.3669428285026408,0.41683799783781217
12167,0.3668934825838793,0.4167875195672288
12168,0.36684413693930273,0.4167370410224295
12169,0.36679479156897543,0.4166865622034416
12170,0.36674544647288587,0.41663608311020073
12171,0.3666961016510538,0.41658560374271736
12172,0.36664675710353056,0.4165351241009737
12173,0.3665974128303032,0.4164846441849178
12174,0.3665480688313898,0.4164341639945627
12175,0.3664987251068412,0.4163836835298894
12176,0.3664493816566248,0.4163332027908475
12177,0.36640003848081204,0.41628272177747017
12178,0.3663506955793847,0.41623224048968577
12179,0.3663013529523773,0.4161817589275113
12180,0.36625201059979395,0.4161312770909136
12181,0.3662026685216899,0.41608079497988903
12182,0.366153326718039,0.4160303125943796
12183,0.3661039851888964,0.41597982993441596
12184,0.3660546439342587,0.41592934699993833
12185,0.3660053029541568,0.4158788637909526
12186,0.3659559622485957,0.4158283803074262
12187,0.3659066218176019,0.41577789654935615
12188,0.3658572816612137,0.41572741251671597
12189,0.36580794177940734,0.41567692820946545
12190,0.3657586021722439,0.4156264436276299
12191,0.3657092628397137,0.4155759587711474
12192,0.3656599237818585,0.4155254736400288
12193,0.36561058499867793,0.4154749882342308
12194,0.3655612464901974,0.41542450255375385
12195,0.3655119082564233,0.4153740165985741
12196,0.36546257029741636,0.4153235303686841
12197,0.3654132326131522,0.41527304386402275
12198,0.36536389520365775,0.4152225570846154
12199,0.3653145580689663,0.4151720700304341
12200,0.36526522120909366,0.41512158270144617
12201,0.3652158846240523,0.41507109509763607
12202,0.36516654831386164,0.4150206072189906
12203,0.36511721227855043,0.4149701190654912
12204,0.3650678765181232,0.41491963063710846
12205,0.36501854103260534,0.41486914193383795
12206,0.36496920582201753,0.41481865295565423
12207,0.3649198708863859,0.41476816370253633
12208,0.3648705362257225,0.41471767417445804
12209,0.3648212018400312,0.41466718437140915
12210,0.3647718677293603,0.4146166942933839
12211,0.3647225338937091,0.41456620394033517
12212,0.36467320033310124,0.41451571331226045
12213,0.36462386704755356,0.41446522240914097
12214,0.3645745340370945,0.4144147312309575
12215,0.36452520130172816,0.41436423977768144
12216,0.36447586884148997,0.41431374804930743
12217,0.3644265366564027,0.4142632560458046
12218,0.3643772047464503,0.41421276376714344
12219,0.3643278731116921,0.4141622712133469
12220,0.36427854175213736,0.4141117783843504
12221,0.36422921066779057,0.41406128528014674
12222,0.36417987985868927,0.41401079190073153
12223,0.36413054932483047,0.41396029824606795
12224,0.3640812190662548,0.41390980431615654
12225,0.36403188908296924,0.4138593101109591
12226,0.363982559374994,0.4138088156304679
12227,0.36393322994236,0.4137583208746628
12228,0.36388390078508004,0.41370782584351307
12229,0.36383457190316726,0.41365733053700404
12230,0.36378524329665174,0.4136068349551245
12231,0.3637359149655346,0.4135563390978435
12232,0.3636865869098598,0.413505842965162
12233,0.36363725912963574,0.413455346557033
12234,0.36358793162487024,0.4134048498734496
12235,0.36353860439558794,0.41335435291440403
12236,0.36348927744182835,0.41330385567987216
12237,0.3634399507635866,0.4132533581698128
12238,0.3633906243608982,0.41320286038423215
12239,0.3633412982337715,0.4131523623230944
12240,0.3632919723822301,0.41310186398639126
12241,0.36324264680629237,0.4130513653740978
12242,0.36319332150597816,0.41300086648619816
12243,0.3631439964813111,0.4129503673226719
12244,0.3630946717322946,0.4128998678834931
12245,0.36304534725897875,0.41284936816866213
12246,0.36299602306135914,0.41279886817812295
12247,0.36294669913946676,0.4127483679118862
12248,0.36289737549330736,0.412697867369918
12249,0.36284805212291327,0.41264736655221246
12250,0.3627987290282959,0.41259686545873864
12251,0.3627494062094754,0.4125463640894842
12252,0.36270008366648754,0.41249586244442793
12253,0.36265076139933083,0.41244536052353686
12254,0.36260143940803835,0.41239485832680933
12255,0.36255211769261475,0.4123443558542157
12256,0.3625027962530982,0.4122938531057462
12257,0.36245347508950054,0.4122433500813695
12258,0.3624041542018408,0.4121928467810657
12259,0.362354833590127,0.4121423432048241
12260,0.36230551325440374,0.4120918393526317
12261,0.36225619319468505,0.4120413352244443
12262,0.3622068734109687,0.4119908308202479
12263,0.3621575539032811,0.41194032614004694
12264,0.36210823467166486,0.41188982118381223
12265,0.36205891571611715,0.4118393159515017
12266,0.3620095970366777,0.4117888104431202
12267,0.3619602786333389,0.4117383046586256
12268,0.3619109605061325,0.41168779859802573
12269,0.3618616426550836,0.41163729226129175
12270,0.36181232508022554,0.41158678564839535
12271,0.3617630077815457,0.41153627875930465
12272,0.3617136907590839,0.4114857715940312
12273,0.36166437401285967,0.41143526415253484
12274,0.3616150575428736,0.4113847564347992
12275,0.36156574134918373,0.4113342484408209
12276,0.36151642543178264,0.41128374017054137
12277,0.3614671097906872,0.4112332316239713
12278,0.3614177944259278,0.41118272280108836
12279,0.36136847933752225,0.4111322137018689
12280,0.3613191645254872,0.4110817043262899
12281,0.3612698499898519,0.41103119467433724
12282,0.3612205357306322,0.41098068474598104
12283,0.36117122174784666,0.41093017454120406
12284,0.36112190804151467,0.410879664059989
12285,0.3610725946116474,0.4108291533023184
12286,0.36102328145827944,0.4107786422681772
12287,0.36097396858141284,0.41072813095753447
12288,0.36092465598108525,0.41067761937038616
12289,0.36087534365731977,0.4106271075066935
12290,0.36082603161011373,0.41057659536643654
12291,0.36077671983950865,0.4105260829496151
12292,0.3607274083455152,0.41047557025618897
12293,0.360678097128168,0.4104250572861473
12294,0.36062878618745065,0.41037454403945595
12295,0.3605794755234162,0.4103240305161293
12296,0.3605301651360815,0.4102735167161182
12297,0.3604808550254541,0.41022300263940115
12298,0.36043154519156717,0.4101724882859753
12299,0.36038223563442207,0.41012197365580316
12300,0.3603329263540682,0.4100714587488865
12301,0.36028361735049463,0.41002094356517305
12302,0.3602343086237463,0.40997042810467643
12303,0.36018500017381916,0.4099199123673509
12304,0.36013569200074813,0.4098693963531994
12305,0.36008638410456406,0.4098188800621888
12306,0.3600370764852696,0.4097683634942866
12307,0.35998776914288355,0.4097178466494913
12308,0.3599384620774513,0.40966732952778284
12309,0.3598891552889598,0.40961681212911794
12310,0.3598398487774548,0.4095662944535067
12311,0.35979054254292575,0.40951577650090576
12312,0.3597412365854422,0.4094652582713245
12313,0.3596919309049673,0.40941473976469445
12314,0.35964262550156867,0.4093642209810532
12315,0.35959332037523395,0.4093137019203291
12316,0.359544015526009,0.4092631825825377
12317,0.3594947109538982,0.4092126629676335
12318,0.35944540665892477,0.4091621430756093
12319,0.35939610264110766,0.4091116229064461
12320,0.3593467989004706,0.40906110246012084
12321,0.3592974954370438,0.4090105817366124
12322,0.35924819225082427,0.4089600607358894
12323,0.35919888934184896,0.40890953945795594
12324,0.3591495867101385,0.40885901790277257
12325,0.3591002843557045,0.40880849607032255
12326,0.3590509822785689,0.40875797396059044
12327,0.359001680478773,0.4087074515735578
12328,0.3589523789562836,0.40865692890918015
12329,0.35890307771119334,0.4086064059674911
12330,0.35885377674346564,0.40855588274839905
12331,0.35880447605315124,0.40850535925194253
12332,0.3587551756402614,0.40845483547806793
12333,0.3587058755048247,0.4084043114267636
12334,0.35865657564681963,0.4083537870980033
12335,0.35860727606633525,0.4083032624918068
12336,0.35855797676335577,0.408252737608084
12337,0.3585086777378811,0.40820221244685495
12338,0.3584593789899815,0.40815168700811677
12339,0.3584100805196381,0.4081011612917982
12340,0.3583607823268742,0.40805063529791985
12341,0.3583114844117363,0.408000109026458
12342,0.3582621867742066,0.4079495824773657
12343,0.35821288941434326,0.4078990556506632
12344,0.3581635923321562,0.4078485285462884
12345,0.35811429552765106,0.4077980011642319
12346,0.358064999000861,0.4077474735044927
12347,0.35801570275179284,0.4076969455670326
12348,0.3579664067804924,0.4076464173518468
12349,0.3579171110869641,0.40759588885889
12350,0.35786781567123516,0.40754536008815667
12351,0.3578185205333215,0.40749483103961914
12352,0.3577692256732503,0.40744430171326307
12353,0.3577199310910246,0.4073937721090599
12354,0.35767063678668276,0.40734324222700635
12355,0.3576213427602406,0.40729271206706774
12356,0.3575720490117096,0.407242181629224
12357,0.3575227555411308,0.4071916509134642
12358,0.3574734623485103,0.4071411199197478
12359,0.3574241694338691,0.4070905886480699
12360,0.35737487679723556,0.4070400570984082
12361,0.35732558443861984,0.4069895252707353
12362,0.35727629235805547,0.4069389931650407
12363,0.35722700055554457,0.4068884607812898
12364,0.3571777090311343,0.40683792811948316
12365,0.3571284177848151,0.4067873951795694
12366,0.35707912681663545,0.4067368619615638
12367,0.3570298361266062,0.40668632846541164
12368,0.35698054571474636,0.4066357946911059
12369,0.3569312555810734,0.40658526063862743
12370,0.3568819657256086,0.40653472630795706
12371,0.3568326761484051,0.4064841916990739
12372,0.35678338684942457,0.4064336568119261
12373,0.35673409782872256,0.4063831216465503
12374,0.3566848090863286,0.40633258620289325
12375,0.35663552062223314,0.4062820504809235
12376,0.3565862324364877,0.4062315144806521
12377,0.35653694452909657,0.4061809782020248
12378,0.3564876569000939,0.40613044164504064
12379,0.35643836954949826,0.40607990480966283
12380,0.3563890824773066,0.40602936769587417
12381,0.35633979568355745,0.40597883030367854
12382,0.356290509168276,0.4059282926330354
12383,0.35624122293149796,0.4058777546839195
12384,0.35619193697320795,0.40582721645629705
12385,0.3561426512934496,0.40577667795018213
12386,0.3560933658922385,0.40572613916553035
12387,0.3560440807695988,0.40567560010232884
12388,0.3559947959255383,0.40562506076055205
12389,0.35594551136009844,0.40557452114019155
12390,0.35589622707329494,0.4055239812412065
12391,0.3558469430651433,0.4054734410635795
12392,0.35579765933566343,0.405422900607298
12393,0.3557483758848896,0.405372359872341
12394,0.35569909271281674,0.4053218188586718
12395,0.35564980981950356,0.40527127756629855
12396,0.3556005272049365,0.4052207359951623
12397,0.35555124486915557,0.4051701941452749
12398,0.3555019628121865,0.4051196520165965
12399,0.3554526810340206,0.4050691096091037
12400,0.3554033995347179,0.40501856692280336
12401,0.35535411831428054,0.40496802395763454
12402,0.3553048373727222,0.40491748071359646
12403,0.35525555671007314,0.404866937190676
12404,0.3552062763263617,0.40481639338884157
12405,0.35515699622159347,0.40476584930806525
12406,0.35510771639579897,0.4047153049483415
12407,0.3550584368490102,0.40466476030964105
12408,0.35500915758122076,0.4046142153919289
12409,0.35495987859247746,0.4045636701952148
12410,0.35491059988279927,0.4045131247194499
12411,0.35486132145218674,0.40446257896461435
12412,0.35481204330069716,0.4044120329307107
12413,0.3547627654283053,0.40436148661767846
12414,0.3547134878350702,0.40431094002554746
12415,0.35466421052100106,0.4042603931542531
12416,0.3546149334861213,0.40420984600378806
12417,0.35456565673045204,0.40415929857413
12418,0.35451638025400034,0.40410875086525666
12419,0.35446710405681514,0.4040582028771639
12420,0.3544178281388952,0.4040076546097988
12421,0.3543685525002813,0.4039571060631636
12422,0.3543192771409611,0.40390655723721847
12423,0.3542700020609927,0.4038560081319773
12424,0.35422072726038145,0.40380545874737717
12425,0.3541714527391673,0.40375490908341805
12426,0.35412217849733496,0.4037043591400561
12427,0.35407290453493556,0.40365380891730795
12428,0.35402363085196786,0.40360325841512446
12429,0.3539743574484955,0.40355270763350415
12430,0.3539250843244801,0.4035021565723842
12431,0.3538758114799925,0.403451605231804
12432,0.35382653891504523,0.40340105361168976
12433,0.35377726662963527,0.40335050171203224
12434,0.35372799462381743,0.403299949532832
12435,0.3536787228975785,0.40324939707403706
12436,0.3536294514509706,0.4031988443356591
12437,0.35358018028399696,0.4031482913176456
12438,0.35353090939669163,0.4030977380199925
12439,0.35348163878906824,0.40304718444266685
12440,0.3534323684611407,0.40299663058565605
12441,0.35338309841296156,0.4029460764489454
12442,0.3533338286445227,0.4028955220324809
12443,0.35328455915585644,0.40284496733627295
12444,0.35323528994698483,0.4027944123602869
12445,0.3531860210179145,0.4027438571045032
12446,0.35313675236869224,0.40269330156891325
12447,0.35308748399931866,0.4026427457534705
12448,0.3530382159098444,0.40259218965817767
12449,0.3529889481002506,0.4025416332829781
12450,0.3529396805705878,0.4024910766278952
12451,0.3528904133208812,0.40244051969287653
12452,0.3528411463511302,0.4023899624778967
12453,0.35279187966136993,0.4023394049829584
12454,0.35274261325164535,0.4022888472080254
12455,0.35269334712192846,0.40223828915305015
12456,0.35264408127226476,0.4021877308180649
12457,0.3525948157026866,0.40213717220302225
12458,0.35254555041321056,0.40208661330788875
12459,0.3524962854038549,0.40203605413264865
12460,0.35244702067464506,0.40198549467728495
12461,0.35239775622558756,0.4019349349417709
12462,0.35234849205672714,0.4018843749261003
12463,0.3522992281680688,0.40183381463022716
12464,0.3522499645596575,0.40178325405414983
12465,0.3522007012314836,0.4017326931978197
12466,0.3521514381835973,0.40168213206124737
12467,0.3521021754160094,0.40163157064438415
12468,0.3520529129287281,0.4015810089472185
12469,0.35200365072178397,0.40153044696974016
12470,0.35195438879521856,0.4014798847119222
12471,0.3519051271490361,0.40142932217371974
12472,0.351855865783267,0.40137875935513134
12473,0.35180660469792935,0.4013281962561248
12474,0.3517573438930217,0.4012776328766825
12475,0.3517080833686044,0.4012270692168054
12476,0.35165882312467955,0.40117650527643356
12477,0.3516095631612923,0.4011259410555662
12478,0.3515603034784198,0.4010753765541557
12479,0.3515110440761229,0.4010248117722275
12480,0.3514617849544128,0.40097424670971804
12481,0.3514125261133001,0.4009236813666166
12482,0.35136326755282343,0.40087311574291595
12483,0.3513140092729934,0.40082254983857324
12484,0.35126475127385726,0.4007719836535806
12485,0.35121549355539583,0.4007214171878877
12486,0.3511662361176635,0.40067085044151773
12487,0.35111697896066685,0.4006202834144137
12488,0.35106772208444936,0.4005697161065708
12489,0.3510184654889952,0.40051914851794224
12490,0.35096920917435903,0.4004685806485483
12491,0.3509199531405548,0.4004180124983294
12492,0.35087069738760024,0.40036744406727653
12493,0.35082144191553355,0.40031687535536964
12494,0.35077218672434896,0.40026630636256944
12495,0.350722931814087,0.4002157370888827
12496,0.3506736771847758,0.40016516753426945
12497,0.35062442283642326,0.40011459769870006
12498,0.3505751687690555,0.40006402758216775
12499,0.350525914982706,0.400013457184648
12500,0.35047666147738066,0.3999628865061047
12501,0.3504274082531217,0.39991231554653295
12502,0.3503781553099198,0.39986174430588883
12503,0.35032890264783534,0.39981117278418565
12504,0.35027965026686236,0.3997606009813578
12505,0.35023039816704915,0.3997100288974169
12506,0.3501811463483877,0.3996594565323103
12507,0.350131894810919,0.3996088838860484
12508,0.35008264355466057,0.3995583109585896
12509,0.3500333925796486,0.39950773774991577
12510,0.349984141885888,0.39945716425999056
12511,0.34993489147339774,0.39940659048880944
12512,0.34988564134223776,0.3993560164363549
12513,0.3498363914923732,0.39930544210256447
12514,0.34978714192387206,0.39925486748747396
12515,0.3497378926367367,0.3992042925910154
12516,0.3496886436309887,0.3991537174131886
12517,0.34963939490665674,0.39910314195396845
12518,0.3495901464637793,0.39905256621332885
12519,0.34954089830235247,0.39900199019122984
12520,0.34949165042240793,0.3989514138876763
12521,0.34944240282396377,0.39890083730263526
12522,0.34939315550706906,0.3988502604360893
12523,0.3493439084717145,0.39879968328798954
12524,0.34929466171791645,0.3987491058583458
12525,0.34924541524574215,0.3986985281471407
12526,0.34919616905518025,0.3986479501543081
12527,0.3491469231462616,0.3985973718798572
12528,0.3490976775190098,0.39854679332375975
12529,0.34904843217344683,0.39849621448599115
12530,0.3489991871095881,0.39844563536652855
12531,0.3489499423274707,0.3983950559653572
12532,0.34890069782711497,0.3983444762824405
12533,0.34885145360854075,0.39829389631775747
12534,0.3488022096717568,0.39824331607128927
12535,0.3487529660167953,0.39819273554302637
12536,0.34870372264370375,0.3981421547329351
12537,0.34865447955246665,0.3980915736409705
12538,0.34860523674313915,0.39804099226714507
12539,0.34855599421571704,0.39799041061140783
12540,0.3485067519702325,0.39793982867376154
12541,0.3484575100067153,0.39788924645417145
12542,0.34840826832517013,0.39783866395260803
12543,0.34835902692565535,0.3977880811690706
12544,0.3483097858081651,0.3977374981034989
12545,0.3482605449727276,0.39768691475589724
12546,0.34821130441938597,0.3976363311262383
12547,0.3481620641481298,0.3975857472144775
12548,0.34811282415899925,0.3975351630206275
12549,0.3480635844520188,0.39748457854464947
12550,0.3480143450271954,0.39743399378651434
12551,0.3479651058845812,0.3973834087462199
12552,0.3479158670241873,0.3973328234237097
12553,0.347866628446018,0.3972822378189753
12554,0.34781739015012314,0.3972316519320117
12555,0.3477681521365108,0.3971810657627691
12556,0.34771891440519764,0.39713047931124
12557,0.34766967695622986,0.3970798925774084
12558,0.34762043978961676,0.3970293055612235
12559,0.347571202905372,0.39697871826268316
12560,0.3475219663035365,0.39692813068176747
12561,0.34747272998413536,0.39687754281843923
12562,0.34742349394716043,0.3968269546726717
12563,0.3473742581926744,0.39677636624447354
12564,0.3473250227206701,0.39672577753378235
12565,0.34727578753118427,0.39667518854060346
12566,0.34722655262424484,0.396624599264904
12567,0.34717731799988094,0.39657400970665146
12568,0.3471280836580919,0.3965234198658183
12569,0.3470788495989141,0.3964728297424075
12570,0.3470296158223598,0.39642223933638054
12571,0.34698038232848605,0.39637164864772634
12572,0.3469311491172882,0.3963210576763857
12573,0.34688191618877984,0.3962704664223631
12574,0.3468326835430018,0.39621987488564947
12575,0.3467834511799881,0.39616928306620036
12576,0.34673421909974167,0.3961186909639818
12577,0.34668498730229813,0.39606809857899083
12578,0.34663575578766337,0.3960175059111932
12579,0.3465865245558788,0.39596691296058295
12580,0.3465372936069646,0.39591631972711705
12581,0.346488062940951,0.395865726210776
12582,0.34643883255782637,0.3958151324115301
12583,0.3463896024576625,0.3957645383293905
12584,0.3463403726404424,0.3957139439642857
12585,0.34629114310622455,0.39566334931623337
12586,0.34624191385500613,0.3956127543851735
12587,0.3461926848868231,0.3955621591711087
12588,0.3461434562016845,0.3955115636740053
12589,0.3460942277996557,0.39546096789385166
12590,0.34604499968069424,0.3954103718305847
12591,0.34599577184488317,0.39535977548424595
12592,0.3459465442922124,0.3953091788547505
12593,0.3458973170227123,0.39525858194211183
12594,0.3458480900364167,0.3952079847462985
12595,0.3457988633333291,0.3951573872672731
12596,0.3457496369135087,0.39510678950503875
12597,0.3457004107769375,0.39505619145953075
12598,0.3456511849236743,0.39500559313076833
12599,0.3456019593537092,0.39495499451869387
12600,0.3455527340670973,0.3949043956233186
12601,0.3455035090638314,0.3948537964445821
12602,0.34545428434396486,0.39480319698249755
12603,0.3454050599075016,0.3947525972370084
12604,0.3453558357544786,0.39470199720811017
12605,0.3453066118849055,0.39465139689576945
12606,0.3452573882988269,0.39460079629997213
12607,0.3452081649962353,0.39455019542067626
12608,0.345158941977184,0.3944995942578884
12609,0.3451097192416923,0.3944489928115569
12610,0.3450604967897599,0.3943983910816602
12611,0.3450112746214411,0.3943477890682001
12612,0.34496205273672675,0.3942971867711197
12613,0.3449128311356905,0.3942465841904327
12614,0.34486360981830866,0.3941959813260617
12615,0.3448143887846251,0.39414537817803297
12616,0.3447651680346644,0.3940947747462986
12617,0.3447159475684448,0.39404417103083966
12618,0.34466672738599036,0.39399356703163313
12619,0.3446175074873302,0.39394296274865714
12620,0.34456828787247296,0.3938923581818836
12621,0.34451906854147674,0.39384175333130145
12622,0.3444698494943276,0.3937911481968527
12623,0.344420630731074,0.39374054277855397
12624,0.34437141225172496,0.3936899370763536
12625,0.3443221940563115,0.39363933109024474
12626,0.3442729761448544,0.3935887248201956
12627,0.3442237585173824,0.39353811826618446
12628,0.3441745411739213,0.3934875114281857
12629,0.34412532411448915,0.3934369043061693
12630,0.3440761073391011,0.3933862969001204
12631,0.344026890847825,0.3933356892100234
12632,0.34397767464062834,0.3932850812358071
12633,0.3439284587175593,0.3932344729775086
12634,0.3438792430786508,0.3931838644350776
12635,0.34383002772389615,0.3931332556084798
12636,0.34378081265335414,0.3930826464977262
12637,0.3437315978670461,0.39303203710275325
12638,0.34368238336497037,0.3929814274235435
12639,0.34363316914718967,0.39293081746009484
12640,0.3435839552136817,0.39288020721234607
12641,0.34353474156449226,0.39282959668032214
12642,0.3434855281996594,0.39277898586397453
12643,0.3434363151191937,0.39272837476326383
12644,0.3433871023231203,0.3926777633781824
12645,0.3433378898114683,0.39262715170870455
12646,0.34328867758425263,0.3925765397547998
12647,0.3432394656414979,0.3925259275164541
12648,0.34319025398323266,0.3924753149936425
12649,0.3431410426094952,0.39242470218633707
12650,0.343091831520296,0.39237408909449845
12651,0.34304262071564817,0.3923234757181171
12652,0.3429934101955887,0.39227286205718026
12653,0.34294419996015324,0.3922222481116502
12654,0.34289499000935275,0.39217163388149134
12655,0.3428457803432098,0.3921210193666921
12656,0.3427965709617322,0.3920704045672302
12657,0.34274736186497623,0.3920197894830997
12658,0.34269815305297646,0.3919691741142427
12659,0.34264894452571026,0.3919185584606245
12660,0.34259973628322615,0.3918679425222682
12661,0.34255052832554456,0.39181732629912447
12662,0.3425013206527223,0.3917667097911731
12663,0.34245211326473834,0.39171609299835886
12664,0.34240290616162394,0.39166547592070056
12665,0.3423536993434365,0.39161485855816747
12666,0.34230449281014497,0.3915642409107031
12667,0.342255286561835,0.3915136229783378
12668,0.3422060805985059,0.39146300476098705
12669,0.34215687492016666,0.3914123862586508
12670,0.3421076695268601,0.39136176747131945
12671,0.3420584644185971,0.3913111483989503
12672,0.3420092595954267,0.3912605290415334
12673,0.3419600550573363,0.391209909399018
12674,0.34191085080439465,0.39115928947141965
12675,0.34186164683658293,0.3911086692586663
12676,0.34181244315396564,0.3910580487607789
12677,0.3417632397565247,0.3910074279776917
12678,0.34171403664432654,0.3909568069094236
12679,0.34166483381735835,0.39090618555590917
12680,0.3416156312756897,0.3908555639171577
12681,0.3415664290193112,0.390804941993103
12682,0.3415172270482474,0.3907543197837543
12683,0.34146802536254217,0.3907036972890837
12684,0.3414188239621999,0.3906530745090523
12685,0.34136962284725525,0.3906024514436516
12686,0.34132042201773927,0.39055182809284805
12687,0.34127122147365907,0.39050120445661196
12688,0.34122202121506373,0.3904505805349361
12689,0.3411728212419596,0.3903999563277675
12690,0.34112362155436826,0.3903493318351068
12691,0.34107442215232675,0.39029870705692626
12692,0.34102522303587035,0.39024808199319105
12693,0.34097602420499606,0.3901974566438663
12694,0.3409268256597433,0.3901468310089551
12695,0.3408776274001385,0.3900962050884169
12696,0.3408284294262043,0.39004557888222535
12697,0.34077923173796,0.3899949523903592
12698,0.34073003433543536,0.389944325612798
12699,0.3406808372186585,0.3898936985495124
12700,0.340631640387666,0.3898430712004741
12701,0.34058244384245584,0.3897924435656449
12702,0.3405332475830569,0.38974181564503174
12703,0.3404840516095279,0.3896911874386003
12704,0.34043485592184797,0.3896405589462948
12705,0.34038566052005303,0.3895899301681365
12706,0.3403364654041996,0.3895393011040864
12707,0.34028727057428465,0.3894886717540911
12708,0.3402380760303447,0.38943804211815136
12709,0.34018888177238615,0.38938741219623196
12710,0.34013968780044523,0.3893367819883271
12711,0.3400904941145739,0.3892861514944007
12712,0.34004130071475347,0.38923552071439715
12713,0.33999210760103504,0.3891848896483404
12714,0.33994291477343386,0.38913425829617454
12715,0.3398937222319842,0.389083626657888
12716,0.339844529976693,0.38903299473344455
12717,0.3397953380076092,0.38898236252283835
12718,0.3397461463247433,0.3889317300260179
12719,0.3396969549281179,0.3888810972429766
12720,0.3396477638177615,0.38883046417368883
12721,0.33959857299371543,0.3887798308181275
12722,0.3395493824559944,0.38872919717625143
12723,0.33950019220460426,0.3886785632480453
12724,0.3394510022395978,0.38862792903350263
12725,0.339401812560982,0.3885772945325723
12726,0.3393526231688013,0.3885266597452458
12727,0.33930343406303887,0.38847602467147924
12728,0.33925424524378067,0.38842538931129034
12729,0.33920505671101675,0.38837475366459084
12730,0.33915586846476764,0.38832411773139297
12731,0.3391066805050762,0.3882734815116756
12732,0.3390574928319534,0.38822284500539395
12733,0.33900830544542293,0.3881722082125407
12734,0.3389591183455346,0.3881215711330893
12735,0.338909931532287,0.38807093376699175
12736,0.3388607450057257,0.3880202961142474
12737,0.33881155876584934,0.38796965817481277
12738,0.33876237281272514,0.38791901994868694
12739,0.3387131871463196,0.38786838143580493
12740,0.33866400176672473,0.38781774263620017
12741,0.33861481667391846,0.38776710354977806
12742,0.33856563186794486,0.3877164641765638
12743,0.33851644734881803,0.38766582451651044
12744,0.33846726311658193,0.38761518456960653
12745,0.3384180791712377,0.38756454433580656
12746,0.33836889551285165,0.38751390381510975
12747,0.33831971214139145,0.3874632630074484
12748,0.3382705290569268,0.38741262191285797
12749,0.3382213462594694,0.38736198053126736
12750,0.33817216374904413,0.3873113388626631
12751,0.33812298152568165,0.3872606969070216
12752,0.3380737995893973,0.38721005466431435
12753,0.33802461794023186,0.38715941213452354
12754,0.33797543657819584,0.38710876931760696
12755,0.3379262555033211,0.3870581262135585
12756,0.33787707471563766,0.3870074828223413
12757,0.3378278942151618,0.3869568391439282
12758,0.3377787140019235,0.3869061951783035
12759,0.3377295340759655,0.38685555092543655
12760,0.33768035443728484,0.3868049063852833
12761,0.33763117508591245,0.3867542615578483
12762,0.3375819960218881,0.38670361644309925
12763,0.3375328172452434,0.3866529710409977
12764,0.3374836387559764,0.3866023253515114
12765,0.3374344605541286,0.38655167937464263
12766,0.33738528263972567,0.38650103311034956
12767,0.33733610501280875,0.38645038655860664
12768,0.33728692767337876,0.3863997397193717
12769,0.3372377506214528,0.3863490925926448
12770,0.337188573857091,0.3862984451784106
12771,0.33713939738030885,0.386247797476607
12772,0.33709022119111864,0.38619714948721684
12773,0.3370410452895678,0.3861465012102322
12774,0.33699186967564854,0.38609585264560053
12775,0.3369426943494134,0.3860452037933336
12776,0.33689351931088596,0.38599455465337706
12777,0.3368443445600784,0.38594390522570854
12778,0.33679517009703064,0.3858932555103147
12779,0.3367459959217629,0.3858426055071562
12780,0.33669682203431406,0.38579195521621235
12781,0.3366476484346863,0.3857413046374448
12782,0.3365984751229125,0.38569065377085066
12783,0.33654930209903855,0.3856400026163975
12784,0.3365001293630673,0.38558935117404014
12785,0.3364509569150267,0.38553869944377384
12786,0.3364017847549764,0.38548804742557286
12787,0.33635261288288265,0.3854373951193756
12788,0.3363034412988204,0.38538674252521776
12789,0.3362542700027974,0.3853360896430228
12790,0.3362050989948411,0.385285436472784
12791,0.33615592827498697,0.38523478301447267
12792,0.33610675784324084,0.3851841292680538
12793,0.33605758769964744,0.38513347523352404
12794,0.33600841784422597,0.38508282091083446
12795,0.3359592482770082,0.38503216629996706
12796,0.33591007899800407,0.3849815114008922
12797,0.3358609100072518,0.38493085621359846
12798,0.3358117413047905,0.38488020073804774
12799,0.3357625728906135,0.38482954497419963
12800,0.33571340476477207,0.38477888892206513
12801,0.3356642369273064,0.38472823258158806
12802,0.33561506937820473,0.3846775759527299
12803,0.33556590211750126,0.3846269190355023
12804,0.3355167351452505,0.3845762618298727
12805,0.33546756846145454,0.3845256043357841
12806,0.3354184020661414,0.3844749465532371
12807,0.335369235959341,0.38442428848220034
12808,0.3353200701410928,0.38437363012264614
12809,0.33527090461140796,0.3843229714745364
12810,0.3352217393703095,0.38427231253785565
12811,0.3351725744178323,0.38422165331258495
12812,0.33512340975400234,0.38417099379868735
12813,0.3350742453788508,0.3841203339961369
12814,0.33502508129238695,0.3840696739049031
12815,0.3349759174946594,0.38401901352497814
12816,0.3349267539856571,0.3839683528563105
12817,0.33487759076545354,0.38391769189891234
12818,0.33482842783404976,0.38386703065271066
12819,0.3347792651914876,0.38381636911770256
12820,0.3347301028377818,0.38376570729384896
12821,0.33468094077294896,0.3837150451811324
12822,0.33463177899702456,0.3836643827795402
12823,0.33458261751005103,0.38361372008903305
12824,0.33453345631202014,0.3835630571095696
12825,0.33448429540300095,0.3835123938411593
12826,0.33443513478298637,0.38346173028373143
12827,0.33438597445202023,0.38341106643729317
12828,0.3343368144101231,0.38336040230180246
12829,0.3342876546573226,0.3833097378772379
12830,0.3342384951936508,0.38325907316356944
12831,0.3341893360191238,0.38320840816076807
12832,0.3341401771337721,0.3831577428688171
12833,0.3340910185376256,0.38310707728768645
12834,0.33404186023070226,0.38305641141734426
12835,0.3339927022130549,0.38300574525777364
12836,0.33394354448468033,0.38295507880892155
12837,0.3338943870456006,0.38290441207079173
12838,0.33384522989587984,0.3828537450433622
12839,0.33379607303550585,0.38280307772656874
12840,0.33374691646453813,0.38275241012042305
12841,0.3336977601829847,0.3827017422248661
12842,0.3336486041908657,0.38265107403988885
12843,0.3335994484882332,0.3826004055654718
12844,0.3335502930750913,0.382549736801564
12845,0.33350113795145364,0.38249906774815967
12846,0.33345198311739865,0.3824483984052476
12847,0.3334028285729125,0.38239772877274536
12848,0.3333536743180193,0.38234705885066944
12849,0.33330452035276936,0.3822963886389972
12850,0.3332553666771847,0.38224571813767505
12851,0.3332062132912743,0.3821950473466815
12852,0.3331570601950816,0.3821443762660093
12853,0.3331079073886265,0.3820937048956149
12854,0.33305875487194014,0.38204303323547717
12855,0.3330096026450504,0.3819923612855647
12856,0.3329604507079784,0.3819416890458498
12857,0.33291129906075134,0.38189101651631374
12858,0.3328621477034085,0.38184034369692677
12859,0.33281299663595476,0.3817896705876497
12860,0.33276384585844254,0.3817389971884795
12861,0.33271469537088183,0.3816883234993622
12862,0.33266554517331515,0.381637649520287
12863,0.3326163952657477,0.381586975251213
12864,0.3325672456482198,0.3815363006921355
12865,0.3325180963207437,0.3814856258430124
12866,0.33246894728339016,0.3814349507038318
12867,0.33241979853612447,0.38138427527452334
12868,0.3323706500790313,0.38133359955512147
12869,0.33232150191208465,0.38128292354554316
12870,0.3322723540353538,0.38123224724581317
12871,0.33222320644885395,0.38118157065586156
12872,0.33217405915261067,0.38113089377567266
12873,0.3321249121466454,0.38108021660522295
12874,0.33207576543097295,0.38102953914448856
12875,0.3320266190056649,0.38097886139345905
12876,0.3319774728706981,0.38092818335205647
12877,0.3319283270261366,0.3808775050203085
12878,0.33187918147199247,0.3808268263981506
12879,0.3318300362082831,0.3807761474855693
12880,0.3317808912350595,0.3807254682825476
12881,0.33173174655233706,0.3806747887890366
12882,0.33168260216013234,0.3806241090050173
12883,0.33163345805849254,0.38057342893047463
12884,0.3315843142474253,0.3805227485653635
12885,0.3315351707269847,0.3804720679096729
12886,0.33148602749716916,0.38042138696335004
12887,0.3314368845580321,0.38037070572639886
12888,0.3313877419095699,0.3803200241987629
12889,0.33133859955183775,0.3802693423804462
12890,0.33128945748484817,0.38021866027139395
12891,0.3312403157086321,0.38016797787159373
12892,0.33119117422322464,0.38011729518101656
12893,0.3311420330286323,0.3800666121996239
12894,0.33109289212491233,0.38001592892741143
12895,0.33104375151207055,0.37996524536431997
12896,0.3309946111901605,0.37991456151034586
12897,0.33094547115917283,0.3798638773654337
12898,0.33089633141914965,0.37981319292959437
12899,0.3308471919701228,0.3797625082027861
12900,0.33079805281213304,0.37971182318497565
12901,0.330748913945182,0.37966113787612144
12902,0.3306997753693236,0.3796104522762245
12903,0.33065063708455233,0.3795597663852289
12904,0.3306014990909194,0.37950908020314067
12905,0.3305523613884511,0.3794583937299093
12906,0.33050322397717746,0.3794077069655083
12907,0.330454086857102,0.3793570199099059
12908,0.33040495002828774,0.3793063325631021
12909,0.3303558134907376,0.37925564492502983
12910,0.33030667724449203,0.3792049569956877
12911,0.33025754128957097,0.37915426877503644
12912,0.3302084056259966,0.3791035802630546
12913,0.33015927025381897,0.3790528914597211
12914,0.3301101351730511,0.3790022023649866
12915,0.33006100038371644,0.37895151297883556
12916,0.33001186588585685,0.37890082330124586
12917,0.32996273167949264,0.3788501333321752
12918,0.32991359776462903,0.3787994430716053
12919,0.3298644641413404,0.37874875251952866
12920,0.329815330809615,0.3786980616758715
12921,0.3297661977695052,0.3786473705406458
12922,0.3297170650210164,0.3785966791137977
12923,0.32966793256419535,0.3785459873953254
12924,0.3296188003990763,0.37849529538518034
12925,0.32956966852565484,0.3784446030833255
12926,0.3295205369439924,0.37839391048976767
12927,0.32947140565410526,0.378343217604448
12928,0.32942227465602125,0.3782925244273453
12929,0.3293731439497436,0.37824183095843344
12930,0.3293240135353491,0.3781911371977118
12931,0.32927488341283695,0.37814044314509965
12932,0.32922575358223094,0.37808974880060153
12933,0.3291766240435706,0.37803905416419037
12934,0.32912749479688186,0.3779883592358292
12935,0.3290783658421941,0.37793766401549145
12936,0.32902923717951826,0.37788696850314407
12937,0.32898010880891015,0.37783627269878217
12938,0.3289309807303804,0.37778557660234613
12939,0.32888185294397254,0.3777348802138274
12940,0.3288327254496768,0.377684183533179
12941,0.32878359824757997,0.37763348656041473
12942,0.32873447133764977,0.3775827892954461
12943,0.3286853447199565,0.3775320917383035
12944,0.3286362183945142,0.3774813938889209
12945,0.3285870923613583,0.37743069574728094
12946,0.3285379666205055,0.37737999731334904
12947,0.3284888411719782,0.3773292985871073
12948,0.32843971601582966,0.37727859956853527
12949,0.3283905911520727,0.3772279002575797
12950,0.3283414665807274,0.3771772006542272
12951,0.32829234230184245,0.3771265007584569
12952,0.32824321831543246,0.37707580057021983
12953,0.3281940946215327,0.3770251000895041
12954,0.3281449712201515,0.3769743993162713
12955,0.32809584811134984,0.37692369825051586
12956,0.32804672529514534,0.37687299689217324
12957,0.3279976027715399,0.3768222952412291
12958,0.32794848054059056,0.3767715932976805
12959,0.3278993586023149,0.3767208910614701
12960,0.32785023695676074,0.3766701885325805
12961,0.3278011156039291,0.37661948571096326
12962,0.3277519945438535,0.3765687825966191
12963,0.32770287377658325,0.3765180791895123
12964,0.3276537533021252,0.3764673754895955
12965,0.32760463312051524,0.3764166714968601
12966,0.3275555132317767,0.3763659672112708
12967,0.327506393635944,0.3763152626328059
12968,0.32745727433304794,0.3762645577614281
12969,0.32740815532312284,0.37621385259711015
12970,0.32735903660618626,0.3761631471398138
12971,0.3273099181822563,0.37611244138952216
12972,0.3272608000513775,0.3760617353462201
12973,0.327211682213579,0.37601102900986205
12974,0.3271625646688795,0.37596032238041754
12975,0.3271134474173233,0.37590961545786783
12976,0.3270643304589227,0.37585890824216983
12977,0.32701521379370924,0.37580820073331
12978,0.32696609742172345,0.3757574929312578
12979,0.3269169813429891,0.3757067848359722
12980,0.3268678655575341,0.3756560764474295
12981,0.3268187500653714,0.3756053677656014
12982,0.3267696348665432,0.37555465879047656
12983,0.3267205199610974,0.37550394952201294
12984,0.32667140534902694,0.3754532399601582
12985,0.3266222910303904,0.37540253010492386
12986,0.3265731770051974,0.37535181995624944
12987,0.3265240632734736,0.37530110951412665
12988,0.3264749498352758,0.3752503987785287
12989,0.3264258366906123,0.3751996877493978
12990,0.3263767238395072,0.3751489764267282
12991,0.3263276112819935,0.37509826481049535
12992,0.32627849901811024,0.3750475529006644
12993,0.32622938704787163,0.3749968406971984
12994,0.326180275371315,0.37494612820008155
12995,0.32613116398848474,0.37489541540927607
12996,0.32608205289937897,0.37484470232473965
12997,0.3260329421040463,0.374793988946473
12998,0.32598383160250655,0.3747432752744272
12999,0.32593472139478963,0.3746925613085833
13000,0.3258856114809414,0.37464184704891046
13001,0.32583650186096724,0.374591132495363
13002,0.32578739253491396,0.37454041764793644
13003,0.3257382835027973,0.3744897025065842
13004,0.3256891747646524,0.3744389870712883
13005,0.32564006632051123,0.37438827134201447
13006,0.3255909581703893,0.37433755531873225
13007,0.325541850314337,0.3742868390014258
13008,0.3254927427523697,0.374236122390044
13009,0.32544363548452127,0.37418540548457024
13010,0.32539452851081796,0.374134688284973
13011,0.3253454218312898,0.374083970791223
13012,0.32529631544596393,0.3740332530032938
13013,0.3252472093548684,0.3739825349211562
13014,0.3251981035580447,0.3739318165447837
13015,0.32514899805551556,0.3738810978741315
13016,0.3250998928473047,0.3738303789091807
13017,0.32505078793343833,0.3737796596499058
13018,0.32500168331395507,0.37372894009627944
13019,0.3249525789888905,0.3736782202482646
13020,0.3249034749582499,0.37362750010582624
13021,0.32485437122208527,0.37357677966895875
13022,0.32480526778041285,0.3735260589376075
13023,0.3247561646332868,0.3734753379117597
13024,0.3247070617806922,0.37342461659135984
13025,0.32465795922269325,0.37337389497642237
13026,0.3246088569593153,0.3733231730668837
13027,0.324559754990576,0.3732724508627183
13028,0.3245106533165072,0.3732217283639089
13029,0.3244615519371423,0.37317100557042115
13030,0.3244124508525259,0.37312028248222706
13031,0.32436335006265726,0.37306955909927575
13032,0.32431424956758936,0.37301883542157255
13033,0.32426514936732276,0.3729681114490614
13034,0.3242160494619297,0.3729173871817455
13035,0.32416694985140415,0.3728666626195484
13036,0.324117850535786,0.37281593776247923
13037,0.32406875151511594,0.3727652126104962
13038,0.3240196527894158,0.3727144871635595
13039,0.32397055435871147,0.37266376142164714
13040,0.32392145622303303,0.37261303538473256
13041,0.3238723583824199,0.37256230905278764
13042,0.3238232608368764,0.37251158242577
13043,0.32377416358647415,0.37246085550367936
13044,0.3237250666312117,0.3724101282864396
13045,0.32367596997111026,0.37235940077405427
13046,0.3236268736062331,0.3723086729665035
13047,0.3235777775365799,0.37225794486372243
13048,0.3235286817621983,0.3722072164657101
13049,0.32347958628311435,0.37215648777242105
13050,0.32343049109935385,0.3721057587838289
13051,0.32338139621094064,0.37205502949990643
13052,0.32333230161792903,0.3720042999206339
13053,0.32328320732031846,0.37195357004595053
13054,0.3232341133181611,0.3719028398758616
13055,0.3231850196114703,0.37185210941031477
13056,0.3231359262002753,0.3718013786492935
13057,0.32308683308463904,0.3717506475927713
13058,0.323037740264547,0.3716999162406852
13059,0.32298864774006164,0.3716491845930494
13060,0.32293955551118625,0.37159845264979874
13061,0.32289046357797657,0.3715477204109344
13062,0.3228413719404474,0.3714969878763975
13063,0.32279228059862164,0.3714462550461748
13064,0.32274318955255477,0.3713955219202427
13065,0.32269409880225175,0.37134478849854524
13066,0.32264500834774745,0.37129405478107846
13067,0.3225959181890874,0.37124332076780786
13068,0.3225468283262791,0.3711925864586869
13069,0.32249773875938104,0.37114185185370807
13070,0.32244864948839114,0.3710911169528126
13071,0.32239956051336605,0.3710403817560044
13072,0.32235047183432264,0.3709896462632244
13073,0.32230138345128223,0.3709389104744564
13074,0.3222522953642988,0.370888174389681
13075,0.32220320757337406,0.37083743800884206
13076,0.32215412007856903,0.3707867013319399
13077,0.32210503287989856,0.37073596435891
13078,0.32205594597738096,0.3706852270897395
13079,0.32200685937106277,0.3706344895244106
13080,0.3219577730609742,0.3705837516628776
13081,0.3219086870471439,0.37053301350510814
13082,0.32185960132958824,0.3704822750510752
13083,0.3218105159083371,0.37043153630076076
13084,0.32176143078346076,0.3703807972541374
13085,0.32171234595494025,0.3703300579111325
13086,0.32166326142284163,0.37027931827176486
13087,0.32161417718716734,0.37022857833597
13088,0.3215650932479561,0.3701778381037455
13089,0.3215160096052613,0.3701270975750527
13090,0.32146692625907325,0.37007635674983486
13091,0.3214178432094503,0.3700256156281079
13092,0.32136876045642015,0.36997487420980746
13093,0.3213196780000065,0.3699241324949084
13094,0.32127059584024886,0.3698733904833874
13095,0.3212215139771628,0.3698226481752046
13096,0.32117243241078963,0.36977190557034356
13097,0.32112335114115886,0.36972116266876487
13098,0.3210742701682986,0.3696704194704361
13099,0.32102518949224434,0.36961967597533274
13100,0.3209761091130059,0.3695689321834156
13101,0.3209270290306452,0.3695181880946784
13102,0.320877949245173,0.3694674437090558
13103,0.3208288697566297,0.3694166990265415
13104,0.3207797905650325,0.36936595404709005
13105,0.3207307116704261,0.36931520877068647
13106,0.32068163307282527,0.3692644631972869
13107,0.3206325547722818,0.36921371732687636
13108,0.32058347676882337,0.3691629711594008
13109,0.3205343990624512,0.36911222469483485
13110,0.3204853216532233,0.36906147793317834
13111,0.3204362445411706,0.3690107308743681
13112,0.3203871677263179,0.36895998351837966
13113,0.3203380912086873,0.36890923586518365
13114,0.3202890149883266,0.3688584879147603
13115,0.32023993906525616,0.36880773966706126
13116,0.3201908634394919,0.36875699112206506
13117,0.32014178811110017,0.368706242279758
13118,0.3200927130800848,0.36865549314007073
13119,0.32004363834648664,0.3686047437030018
13120,0.3199945639103279,0.3685539939685103
13121,0.3199454897716566,0.36850324393657263
13122,0.31989641593048157,0.3684524936071423
13123,0.3198473423868391,0.36840174298020867
13124,0.31979826914077825,0.36835099205573696
13125,0.31974919619231357,0.3683002408336774
13126,0.3197001235414838,0.36824948931401547
13127,0.31965105118830905,0.36819873749671317
13128,0.3196019791328333,0.36814798538174975
13129,0.3195529073750729,0.36809723296908026
13130,0.3195038359150646,0.3680464802586907
13131,0.31945476475285717,0.36799572725054197
13132,0.3194056938884491,0.3679449739445866
13133,0.31935662332189585,0.3678942203408254
13134,0.3193075530532161,0.3678434664392046
13135,0.3192584830824574,0.3677927122397042
13136,0.3192094134096336,0.36774195774227514
13137,0.3191603440347782,0.3676912029469058
13138,0.31911127495792635,0.36764044785356165
13139,0.3190622061791115,0.3675896924622093
13140,0.31901313769836026,0.3675389367728129
13141,0.31896406951569667,0.36748818078534595
13142,0.3189150016311797,0.3674374244997861
13143,0.3188659340447981,0.3673866679160751
13144,0.3188168667566109,0.3673359110342208
13145,0.3187677997666558,0.36728515385416605
13146,0.31871873307495324,0.3672343963758731
13147,0.31866966668151964,0.3671836385993219
13148,0.31862060058641317,0.3671328805244959
13149,0.31857153478964007,0.3670821221513353
13150,0.3185224692912598,0.3670313634798369
13151,0.31847340409126845,0.36698060450993886
13152,0.31842433918972746,0.3669298452416456
13153,0.31837527458665393,0.3668790856748969
13154,0.3183262102820825,0.36682832580967384
13155,0.3182771462760545,0.36677756564594266
13156,0.31822808256858137,0.36672680518366074
13157,0.31817901915969826,0.3666760444228194
13158,0.3181299560494538,0.3666252833633815
13159,0.31808089323787114,0.3665745220052985
13160,0.3180318307249679,0.3665237603485466
13161,0.3179827685107912,0.3664729983931112
13162,0.3179337065953729,0.3664222361389414
13163,0.3178846449787287,0.36637147358600797
13164,0.3178355836609075,0.36632071073429406
13165,0.3177865226419281,0.3662699475837502
13166,0.3177374619218326,0.3662191841343596
13167,0.3176884015006445,0.3661684203860792
13168,0.31763934137840666,0.3661176563388848
13169,0.31759028155513647,0.3660668919927337
13170,0.3175412220308653,0.36601612734760836
13171,0.31749216280563564,0.36596536240347866
13172,0.3174431038794918,0.3659145971603007
13173,0.31739404525242354,0.36586383161803115
13174,0.31734498692449664,0.3658130657766784
13175,0.31729592889572744,0.36576229963618057
13176,0.31724687116616646,0.3657115331965173
13177,0.317197813735818,0.3656607664576399
13178,0.3171487566047324,0.3656099994195444
13179,0.3170996997729352,0.36555923208217933
13180,0.31705064324046905,0.36550846444551977
13181,0.31700158700736014,0.36545769650952165
13182,0.3169525310736314,0.36540692827416066
13183,0.31690347543931696,0.36535615973941393
13184,0.3168544201044494,0.3653053909052484
13185,0.31680536506907897,0.36525462177162615
13186,0.3167563103331943,0.36520385233850206
13187,0.316707255896866,0.3651530826058875
13188,0.3166582017601136,0.3651023125737082
13189,0.3166091479229759,0.36505154224194725
13190,0.3165600943854754,0.365000771610566
13191,0.31651104114763373,0.36495000067954075
13192,0.31646198820951243,0.36489922944885134
13193,0.3164129355711256,0.3648484579184347
13194,0.31636388323249764,0.3647976860882771
13195,0.31631483119368675,0.36474691395835523
13196,0.31626577945469114,0.3646961415286085
13197,0.3162167280155639,0.3646453687990411
13198,0.31616767687633596,0.3645945957695992
13199,0.31611862603702634,0.36454382244025163
13200,0.31606957549768033,0.36449304881097966
13201,0.31602052525833013,0.36444227488173786
13202,0.31597147531899905,0.3643915006524946
13203,0.31592242567973017,0.36434072612322377
13204,0.315873376340558,0.3642899512938863
13205,0.3158243273014856,0.3642391761644439
13206,0.3157752785625735,0.3641884007348979
13207,0.3157262301238529,0.36413762500518343
13208,0.31567718198533823,0.3640868489752731
13209,0.3156281341470839,0.3640360726451496
13210,0.31557908660909373,0.36398529601475915
13211,0.3155300393714424,0.36393451908409813
13212,0.315480992434108,0.363883741853092
13213,0.31543194579716927,0.36383296432176326
13214,0.315382899460652,0.36378218649003213
13215,0.3153338534245569,0.36373140835787254
13216,0.3152848076889465,0.36368062992528616
13217,0.31523576225382977,0.3636298511922065
13218,0.3151867171192695,0.3635790721586285
13219,0.31513767228526257,0.3635282928244866
13220,0.31508862775187674,0.3634775131897865
13221,0.3150395835191151,0.36342673325445696
13222,0.3149905395870347,0.3633759530184987
13223,0.3149414959556416,0.3633251724818527
13224,0.3148924526250009,0.3632743916445126
13225,0.3148434095951086,0.36322361050641283
13226,0.3147943668660197,0.3631728290675603
13227,0.31474532443776293,0.3631220473278963
13228,0.31469628231037006,0.3630712652873942
13229,0.31464724048386716,0.3630204829460226
13230,0.3145981989583131,0.3629697003037544
13231,0.31454915773369385,0.36291891736053106
13232,0.31450011681008205,0.362868134116366
13233,0.3144510761874977,0.362817350571187
13234,0.3144020358659728,0.3627665667249743
13235,0.3143529958455392,0.36271578257769677
13236,0.314303956126217,0.36266499812931985
13237,0.31425491670806616,0.362614213379826
13238,0.31420587759109186,0.362563428329154
13239,0.31415683877534684,0.36251264297730057
13240,0.31410780026086815,0.36246185732420977
13241,0.31405876204764627,0.36241107136984607
13242,0.31400972413577,0.362360285114221
13243,0.3139606865252331,0.3623094985572436
13244,0.31391164921609405,0.36225871169891877
13245,0.31386261220836076,0.3622079245391906
13246,0.3138135755021022,0.36215713707805075
13247,0.31376453909729585,0.36210634931542773
13248,0.3137155029940346,0.36205556125134886
13249,0.31366646719229674,0.3620047728857172
13250,0.3136174316921557,0.3619539842185555
13251,0.3135683964936353,0.3619031952497901
13252,0.31351936159674676,0.3618524059793975
13253,0.3134703270015545,0.36180161640736874
13254,0.31342129270805785,0.361750826533636
13255,0.3133722587163228,0.36170003635820136
13256,0.31332322502637355,0.36164924588099767
13257,0.3132741916382129,0.36159845510200117
13258,0.31322515855192834,0.36154766402121186
13259,0.31317612576749454,0.36149687263853947
13260,0.3131270932849828,0.3614460809540083
13261,0.31307806110442016,0.36139528896755013
13262,0.3130290292258341,0.3613444966791368
13263,0.31297999764925755,0.3612937040887376
13264,0.3129309663747154,0.36124291119632645
13265,0.31288193540225584,0.36119211800187234
13266,0.31283290473191694,0.36114132450532843
13267,0.312783874363711,0.36109053070665864
13268,0.3127348442976827,0.3610397366058472
13269,0.312685814533866,0.3609889422028536
13270,0.31263678507228143,0.36093814749764275
13271,0.3125877559129966,0.36088735249019177
13272,0.3125387270559916,0.3608365571804334
13273,0.3124896985013417,0.3607857615683915
13274,0.3124406702490724,0.3607349656539859
13275,0.3123916422992026,0.3606841694371947
13276,0.3123426146517828,0.36063337291799613
13277,0.31229358730683243,0.3605825760963416
13278,0.3122445602643875,0.3605317789722109
13279,0.3121955335244948,0.3604809815455685
13280,0.3121465070871563,0.3604301838163675
13281,0.3120974809524588,0.36037938578460593
13282,0.3120484551203715,0.36032858745019614
13283,0.3119994295909737,0.3602777888131701
13284,0.3119504043642749,0.3602269898734477
13285,0.3119013794403265,0.360176190631021
13286,0.31185235481915974,0.36012539108583497
13287,0.311803330500791,0.36007459123786334
13288,0.31175430648527147,0.36002379108708515
13289,0.31170528277263143,0.3599729906334521
13290,0.31165625936288843,0.3599221898769319
13291,0.31160723625608777,0.359871388817508
13292,0.3115582134522771,0.3598205874551377
13293,0.31150919095146135,0.35976978578976915
13294,0.31146016875369054,0.35971898382139855
13295,0.3114111468590146,0.3596681815499775
13296,0.3113621252674237,0.3596173789754543
13297,0.31131310397899603,0.3595665760978396
13298,0.3112640829937441,0.3595157729170555
13299,0.31121506231168894,0.3594649694330879
13300,0.31116604193289055,0.35941416564591777
13301,0.31111702185736745,0.35936336155548465
13302,0.3110680020851475,0.3593125571617687
13303,0.3110189826162879,0.359261752464744
13304,0.3109699634507965,0.35921094746435234
13305,0.31092094458872555,0.35916014216058534
13306,0.3108719260301134,0.3591093365533917
13307,0.310822907774966,0.35905853064273197
13308,0.3107738898233242,0.3590077244286015
13309,0.31072487217525,0.3589569179109591
13310,0.3106758548307469,0.3589061110897409
13311,0.31062683778987554,0.3588553039649469
13312,0.31057782105263765,0.3588044965365129
13313,0.31052880461908305,0.3587536888044399
13314,0.31047978848925273,0.3587028807686756
13315,0.310430772663177,0.3586520724291816
13316,0.31038175714088523,0.3586012637859277
13317,0.31033274192240645,0.35855045483887915
13318,0.31028372700779516,0.35849964558801517
13319,0.310234712397057,0.3584488360332745
13320,0.3101856980902503,0.35839802617465444
13321,0.3101366840873916,0.3583472160120963
13322,0.31008767038852714,0.3582964055455844
13323,0.3100386569936846,0.35824559477507034
13324,0.3099896439028983,0.3581947837005284
13325,0.3099406311162015,0.35814397232192396
13326,0.30989161863362935,0.3580931606392215
13327,0.3098426064552263,0.3580423486523905
13328,0.3097935945810141,0.3579915363613809
13329,0.3097445830110199,0.35794072376617514
13330,0.3096955717452974,0.3578899108667434
13331,0.30964656078387076,0.3578390976630361
13332,0.3095975501267685,0.3577882841550234
13333,0.3095485397740354,0.35773747034268166
13334,0.30949952972569816,0.35768665622596274
13335,0.30945051998179074,0.357635841804841
13336,0.30940151054236975,0.3575850270792843
13337,0.30935250140742276,0.35753421204923275
13338,0.30930349257703427,0.35748339671470164
13339,0.30925448405119815,0.3574325810756046
13340,0.30920547582999025,0.35738176513194975
13341,0.30915646791340456,0.3573309488836579
13342,0.30910746030149117,0.35728013233073797
13343,0.3090584529942846,0.3572293154731393
13344,0.30900944599182667,0.3571784983108266
13345,0.30896043929414185,0.357127680843759
13346,0.3089114329012709,0.35707686307191044
13347,0.3088624268132417,0.3570260449952437
13348,0.3088134210300991,0.35697522661372594
13349,0.3087644155518554,0.35692440792731484
13350,0.30871541037856676,0.35687358893599974
13351,0.3086664055102639,0.35682276963972215
13352,0.3086174009469813,0.3567719500384521
13353,0.3085683966887406,0.35672113013215323
13354,0.30851939273559414,0.35667030992080817
13355,0.3084703890875736,0.35661948940436194
13356,0.30842138574471345,0.35656866858278136
13357,0.3083723827070275,0.35651784745603365
13358,0.30832337997457204,0.3564670260241074
13359,0.30827437754737574,0.3564162042869413
13360,0.30822537542546935,0.35636538224451086
13361,0.30817637360889927,0.35631455989678185
13362,0.30812737209769026,0.35626373724371196
13363,0.3080783708918733,0.356212914285273
13364,0.30802936999151487,0.3561620910214348
13365,0.3079803693965988,0.3561112674521315
13366,0.30793136910719776,0.356060443577379
13367,0.3078823691233217,0.35600961939710496
13368,0.30783336944502904,0.35595879491129934
13369,0.30778437007233506,0.35590797011990294
13370,0.307735371005294,0.3558571450229008
13371,0.3076863722439196,0.3558063196202391
13372,0.30763737378825806,0.35575549391190464
13373,0.30758837563835084,0.35570466789785016
13374,0.30753937779420915,0.35565384157803337
13375,0.30749038025590214,0.3556030149524456
13376,0.30744138302342683,0.3555521880210153
13377,0.30739238609685005,0.35550136078374794
13378,0.3073433894761981,0.3554505332405732
13379,0.30729439316149665,0.35539970539146803
13380,0.3072453971527833,0.3553488772364043
13381,0.30719640145009297,0.35529804877534665
13382,0.30714740605347335,0.35524722000826015
13383,0.30709841096293966,0.3551963909350938
13384,0.3070494161785462,0.35514556155583654
13385,0.30700042170030795,0.3550947318704307
13386,0.3069514275282721,0.35504390187886337
13387,0.30690243366248016,0.35499307158108606
13388,0.3068534401029598,0.35494224097705873
13389,0.3068044468497495,0.3548914100667525
13390,0.3067554539028583,0.35484057885012943
13391,0.3067064612623581,0.3547897473271807
13392,0.30665746892828283,0.3547389154978341
13393,0.3066084769006434,0.3546880833620554
13394,0.3065594851794766,0.3546372509198329
13395,0.3065104937648562,0.3545864181711329
13396,0.3064615026567592,0.3545355851158779
13397,0.30641251185526186,0.35448475175409344
13398,0.30636352136039613,0.3544339180857021
13399,0.3063145311721678,0.35438308411067165
13400,0.30626554129064854,0.3543322498289978
13401,0.3062165517158679,0.35428141524060774
13402,0.3061675624478388,0.3542305803454715
13403,0.3061185734866033,0.35417974514357786
13404,0.30606958483222724,0.35412890963488197
13405,0.3060205964847127,0.35407807381932066
13406,0.3059716084440849,0.3540272376968906
13407,0.3059226207104182,0.3539764012675676
13408,0.3058736332837313,0.3539255645312752
13409,0.30582464616403926,0.353874727487997
13410,0.30577565935141604,0.3538238901377182
13411,0.30572667284586585,0.3537730524803605
13412,0.30567768664743866,0.3537222145159241
13413,0.3056287007561673,0.35367137624435874
13414,0.3055797151720885,0.35362053766562995
13415,0.3055307298952348,0.353569698779702
13416,0.3054817449256362,0.35351885958654194
13417,0.305432760263338,0.35346802008611855
13418,0.3053837759083704,0.35341718027838864
13419,0.30533479186078294,0.35336634016332147
13420,0.3052858081205815,0.3533154997408656
13421,0.3052368246878342,0.35326465901101867
13422,0.30518784156257595,0.35321381797370943
13423,0.3051388587448005,0.3531629766289034
13424,0.3050898762345928,0.35311213497660954
13425,0.30504089403195056,0.3530612930167396
13426,0.30499191213695465,0.3530104507492966
13427,0.3049429305495953,0.3529596081742009
13428,0.30489394926992586,0.35290876529146165
13429,0.304844968297975,0.35285792210102573
13430,0.3047959876337961,0.3528070786028643
13431,0.30474700727741744,0.3527562347969234
13432,0.30469802722886596,0.3527053906831751
13433,0.3046490474881879,0.3526545462615933
13434,0.3046000680554237,0.35260370153212983
13435,0.30455108893058624,0.3525528564947462
13436,0.3045021101137356,0.35250201114942714
13437,0.3044531316049115,0.352451165496116
13438,0.304404153404116,0.352400319534772
13439,0.304355175511406,0.35234947326539
13440,0.3043061979268229,0.35229862668791656
13441,0.30425722065041183,0.3522477798023099
13442,0.30420824368217914,0.3521969326085219
13443,0.3041592670221619,0.35214608510655
13444,0.3041102906704365,0.3520952372963565
13445,0.30406131462700614,0.3520443891778635
13446,0.30401233889190804,0.3519935407510668
13447,0.30396336346520614,0.3519426920159322
13448,0.3039143883468751,0.3518918429723936
13449,0.3038654135370119,0.3518409936204774
13450,0.3038164390356386,0.3517901439600851
13451,0.3037674648427834,0.3517392939911975
13452,0.3037184909584635,0.3516884437137824
13453,0.30366951738276204,0.35163759312782894
13454,0.3036205441156723,0.3515867422332456
13455,0.3035715711572504,0.3515358910300461
13456,0.30352259850754004,0.35148503951816923
13457,0.3034736261665415,0.3514341876975754
13458,0.30342465413433195,0.35138333556826284
13459,0.30337568241093316,0.3513324831301533
13460,0.30332671099637665,0.3512816303832248
13461,0.3032777398907043,0.3512307773274478
13462,0.3032287690939435,0.3511799239627813
13463,0.30317979860614397,0.35112907028919393
13464,0.3031308284273393,0.3510782163066388
13465,0.30308185855755787,0.351027362015081
13466,0.30303288899684255,0.3509765074144927
13467,0.3029839197452169,0.3509256525048333
13468,0.30293495080275024,0.3508747972860754
13469,0.30288598216944007,0.350823941758151
13470,0.3028370138453431,0.3507730859210616
13471,0.3027880458304891,0.35072222977475453
13472,0.3027390781249193,0.3506713733191972
13473,0.3026901107286941,0.3506205165543479
13474,0.3026411436418118,0.3505696594801442
13475,0.3025921768643125,0.3505188020965939
13476,0.30254321039625476,0.3504679444036515
13477,0.3024942442376577,0.35041708640126
13478,0.30244527838856294,0.3503662280894022
13479,0.3023963128490088,0.3503153694680329
13480,0.30234734761904447,0.35026451053711793
13481,0.3022983826986849,0.35021365129660487
13482,0.3022494180879739,0.3501627917464797
13483,0.30220045378695226,0.3501119318866992
13484,0.30215148979565076,0.35006107171722034
13485,0.3021025261141148,0.35001021123801623
13486,0.30205356274237405,0.34995935044903836
13487,0.3020045996804679,0.34990848935025853
13488,0.30195563692843763,0.34985762794163744
13489,0.30190667448631614,0.34980676622313156
13490,0.3018577123541305,0.3497559041947107
13491,0.3018087505319378,0.3497050418563463
13492,0.30175978901975975,0.34965417920798103
13493,0.30171082781764,0.3496033162495943
13494,0.3016618669256055,0.34955245298114157
13495,0.3016129063437064,0.34950158940259624
13496,0.3015639460719933,0.34945072551391
13497,0.3015149861104509,0.34939986131502865
13498,0.3014660264591815,0.34934899680597065
13499,0.30141706711815763,0.34929813198663073
13500,0.3013681080874724,0.3492472668570399
13501,0.3013191493671308,0.3491964014171012
13502,0.30127019095718033,0.3491455356668136
13503,0.30122123285766267,0.349094669606126
13504,0.30117227506860766,0.3490438032349982
13505,0.3011233175900534,0.3489929365534009
13506,0.3010743604220312,0.3489420695612949
13507,0.3010254035645844,0.3488912022586511
13508,0.3009764470177544,0.3488403346454234
13509,0.3009274907815691,0.3487894667215704
13510,0.3008785348560923,0.3487385984870678
13511,0.3008295792413228,0.3486877299418477
13512,0.3007806239373081,0.3486368610859131
13513,0.30073166894409753,0.3485859919192169
13514,0.3006827142617301,0.3485351224417086
13515,0.300633759890234,0.34848425265335037
13516,0.30058480582964453,0.3484333825541127
13517,0.30053585207999944,0.3483825121439632
13518,0.3004868986413587,0.3483316414228589
13519,0.3004379455137425,0.3482807703907441
13520,0.3003889926971691,0.3482298990475966
13521,0.3003400401916978,0.34817902739340056
13522,0.30029108799737125,0.34812815542809417
13523,0.3002421361142098,0.34807728315163555
13524,0.3001931845422672,0.34802641056400496
13525,0.3001442332815646,0.3479755376651472
13526,0.30009528233215477,0.3479246644550428
13527,0.3000463316940635,0.34787379093363757
13528,0.2999973813673307,0.3478229171009065
13529,0.2999484313520131,0.3477720429568101
13530,0.2998994816481111,0.347721168501291
13531,0.29985053225570035,0.34767029373434866
13532,0.2998015831747882,0.34761941865590706
13533,0.2997526344054334,0.34756854326596165
13534,0.29970368594766383,0.34751766756444835
13535,0.2996547378015131,0.34746679155134375
13536,0.2996057899670397,0.34741591522661275
13537,0.2995568424442552,0.3473650385901975
13538,0.2995078952332104,0.34731416164208584
13539,0.2994589483339527,0.34726328438222576
13540,0.29941000174649723,0.3472124068105721
13541,0.2993610554708952,0.3471615289271084
13542,0.2993121095071827,0.3471106507317835
13543,0.2992631638553983,0.3470597722245623
13544,0.29921421851557417,0.3470088934054062
13545,0.299165273487767,0.34695801427428175
13546,0.2991163287719931,0.346907134831131
13547,0.29906738436829294,0.3468562550759413
13548,0.29901844027671354,0.3468053750086698
13549,0.2989694964972892,0.34675449462927044
13550,0.2989205530300604,0.3467036139377083
13551,0.29887160987506434,0.3466527329339444
13552,0.2988226670323225,0.34660185161793755
13553,0.2987737245018993,0.3465509699896715
13554,0.2987247822838188,0.3465000880490783
13555,0.29867584037813266,0.3464492057961347
13556,0.2986268987848524,0.34639832323078845
13557,0.2985779575040415,0.3463474403530299
13558,0.2985290165357277,0.34629655716279495
13559,0.29848007587993086,0.346245673660054
13560,0.29843113553672973,0.34619478984479024
13561,0.298382195506139,0.34614390571692344
13562,0.2983332557881959,0.3460930212764354
13563,0.2982843163829473,0.3460421365232944
13564,0.29823537729041893,0.34599125145745135
13565,0.2981864385106586,0.34594036607888
13566,0.29813750004369277,0.34588948038753276
13567,0.2980885618895799,0.3458385943833846
13568,0.2980396240483396,0.34578770806637416
13569,0.29799068652002225,0.345736821436486
13570,0.29794174930464523,0.34568593449366547
13571,0.29789281240228815,0.34563504723789773
13572,0.2978438758129571,0.3455841596691033
13573,0.2977949395366928,0.3455332717872732
13574,0.297746003573534,0.3454823835923706
13575,0.29769706792353856,0.345431495084354
13576,0.2976481325867272,0.3453806062631658
13577,0.2975991975631347,0.34532971712878724
13578,0.2975502628528204,0.34527882768118145
13579,0.29750132845579347,0.34522793792028916
13580,0.29745239437210547,0.34517704784610326
13581,0.2974034606018219,0.34512615745857067
13582,0.29735452714493604,0.3450752667576247
13583,0.297305594001513,0.3450243757432745
13584,0.29725666117158767,0.34497348441545406
13585,0.2972077286551942,0.3449225927741272
13586,0.29715879645237364,0.34487170081926133
13587,0.29710986456317756,0.34482080855081443
13588,0.29706093298762093,0.3447699159687361
13589,0.2970120017257455,0.34471902307301094
13590,0.2969630707776125,0.34466812986359596
13591,0.29691414014323914,0.3446172363404302
13592,0.29686520982267495,0.3445663425034997
13593,0.29681627981595016,0.34451544835275094
13594,0.2967673501231026,0.3444645538881552
13595,0.2967184207441911,0.34441365910967514
13596,0.29666949167924206,0.3443627640172501
13597,0.2966205629282863,0.34431186861085594
13598,0.2965716344913618,0.34426097289046
13599,0.2965227063685254,0.3442100768560262
13600,0.2964737785597986,0.3441591805074963
13601,0.29642485106523275,0.3441082838448485
13602,0.2963759238848639,0.3440573868680311
13603,0.2963269970187319,0.34400648957701063
13604,0.2962780704668596,0.3439555919717444
13605,0.2962291442293131,0.3439046940522119
13606,0.29618021830609975,0.34385379581834485
13607,0.296131292697287,0.3438028972701369
13608,0.29608236740290494,0.3437519984075218
13609,0.29603344242299423,0.34370109923046743
13610,0.29598451775758483,0.3436501997389343
13611,0.2959355934067158,0.34359929993289207
13612,0.2958866693704356,0.3435483998123021
13613,0.2958377456487826,0.3434974993771147
13614,0.2957888222417855,0.34344659862729243
13615,0.29573989914949883,0.3433956975628071
13616,0.2956909763719586,0.3433447961836025
13617,0.2956420539091935,0.34329389448964465
13618,0.29559313176124746,0.3432429924809045
13619,0.2955442099281642,0.3431920901573364
13620,0.29549528840997985,0.34314118751889844
13621,0.2954463672067297,0.3430902845655526
13622,0.29539744631846354,0.3430393812972651
13623,0.29534852574520787,0.34298847771398655
13624,0.29529960548701495,0.34293757381569034
13625,0.29525068554392253,0.3428866696023207
13626,0.29520176591594705,0.34283576507384605
13627,0.2951528466031679,0.3427848602302449
13628,0.2951039276055969,0.3427339550714401
13629,0.2950550089232793,0.34268304959741835
13630,0.29500609055624616,0.34263214380813634
13631,0.2949571725045588,0.3425812377035621
13632,0.2949082547682369,0.3425303312836335
13633,0.2948593373473256,0.342479424548333
13634,0.2948104202418689,0.3424285174976134
13635,0.2947615034519149,0.34237761013143053
13636,0.2947125869774766,0.3423267024497384
13637,0.29466367081860123,0.3422757944525209
13638,0.2946147549753487,0.34222488613973434
13639,0.29456583944774395,0.3421739775113154
13640,0.2945169242358331,0.3421230685672434
13641,0.2944680093396451,0.34207215930746715
13642,0.29441909475922623,0.342021249731961
13643,0.2943701804946135,0.3419703398406777
13644,0.29432126654585455,0.3419194296335817
13645,0.2942723529129849,0.34186851911062266
13646,0.29422343959604114,0.3418176082717673
13647,0.29417452659504995,0.34176669711697794
13648,0.29412561391009096,0.3417157856462283
13649,0.29407670154116616,0.341664873859437
13650,0.29402778948833364,0.3416139617566052
13651,0.293978877751625,0.34156304933767223
13652,0.29392996633109225,0.3415121366026078
13653,0.2938810552267539,0.3414612235513589
13654,0.2938321444386722,0.3414103101839091
13655,0.29378323396687034,0.3413593965001942
13656,0.29373432381140563,0.34130848250019163
13657,0.29368541397230363,0.34125756818384423
13658,0.2936365044496021,0.3412066535511247
13659,0.2935875952433653,0.341155738601998
13660,0.2935386863535905,0.3411048233363979
13661,0.29348977778036556,0.34105390775432864
13662,0.29344086952370185,0.3410029918556996
13663,0.2933919615836327,0.34095207564050467
13664,0.2933430539602182,0.3409011591087061
13665,0.29329414665350595,0.34085024226024396
13666,0.2932452396635039,0.3407993250950704
13667,0.2931963329902698,0.3407484076131815
13668,0.2931474266338614,0.34069748981451564
13669,0.29309852059429287,0.3406465716990149
13670,0.29304961487160575,0.34059565326666774
13671,0.29300070946585155,0.3405447345174317
13672,0.29295180437708246,0.34049381545125423
13673,0.29290289960529925,0.3404428960680822
13674,0.29285399515057997,0.34039197636791674
13675,0.2928050910129606,0.3403410563506809
13676,0.29275618719246665,0.3402901360163354
13677,0.29270728368913956,0.340239215364857
13678,0.29265838050302273,0.34018829439620457
13679,0.29260947763416245,0.34013737311033265
13680,0.29256057508258415,0.3400864515071964
13681,0.292511672848362,0.34003552958677175
13682,0.2924627709314952,0.33998460734897995
13683,0.29241386933203184,0.33993368479382724
13684,0.2923649680500593,0.33988276192126154
13685,0.29231606708555535,0.3398318387311976
13686,0.2922671664385965,0.3397809152236576
13687,0.29221826610921176,0.3397299913985632
13688,0.29216936609745403,0.33967906725588615
13689,0.29212046640334743,0.3396281427955764
13690,0.29207156702692383,0.339577218017606
13691,0.29202266796827325,0.33952629292194425
13692,0.29197376922737983,0.33947536750850205
13693,0.29192487080431284,0.33942444177729425
13694,0.29187597269909427,0.3393735157282518
13695,0.2918270749117988,0.3393225893613535
13696,0.29177817744243195,0.33927166267652376
13697,0.29172928029105805,0.33922073567375677
13698,0.2916803834577051,0.33916980835298915
13699,0.2916314869424226,0.3391188807141923
13700,0.29158259074524473,0.33906795275731727
13701,0.29153369486621195,0.3390170244823294
13702,0.29148479930536086,0.338966095889187
13703,0.2914359040627571,0.33891516697785773
13704,0.29138700913840754,0.3388642377482691
13705,0.29133811453237757,0.3388133082004212
13706,0.2912892202446953,0.3387623783342437
13707,0.29124032627540175,0.33871144814971155
13708,0.29119143262454084,0.33866051764678295
13709,0.2911425392921597,0.3386095868254124
13710,0.29109364627830714,0.33855865568555477
13711,0.29104475358300363,0.33850772422715913
13712,0.2909958612062904,0.33845679245020766
13713,0.29094696914823115,0.33840586035465725
13714,0.2908980774088461,0.33835492794044475
13715,0.2908491859881732,0.3383039952075486
13716,0.2908002948862747,0.33825306215593376
13717,0.2907514041031699,0.3382021287855348
13718,0.2907025136389245,0.3381511950963363
13719,0.29065362349355695,0.33810026108826785
13720,0.2906047336671127,0.33804932676131483
13721,0.2905558441596525,0.33799839211543015
13722,0.29050695497118384,0.33794745715055274
13723,0.2904580661017966,0.33789652186667507
13724,0.2904091775514802,0.33784558626370775
13725,0.290360289320307,0.33779465034166367
13726,0.29031140140830436,0.3377437141004658
13727,0.2902625138155126,0.33769277754008964
13728,0.29021362654198246,0.3376418406604953
13729,0.2901647395877467,0.33759090346163034
13730,0.29011585295287423,0.3375399659434626
13731,0.29006696663737086,0.3374890281059232
13732,0.2900180806412911,0.33743808994900726
13733,0.28996919496468854,0.33738715147265985
13734,0.28992030960758686,0.33733621267682423
13735,0.2898714245700318,0.3372852735614815
13736,0.2898225398520766,0.33723433412658355
13737,0.2897736554537348,0.3371833943720768
13738,0.2897247713750768,0.3371324542979497
13739,0.28967588761613916,0.3370815139041313
13740,0.2896270041769593,0.33703057319058183
13741,0.2895781210575692,0.33697963215726756
13742,0.28952923825802634,0.33692869080415566
13743,0.2894803557783683,0.33687774913118773
13744,0.28943147361862787,0.33682680713832636
13745,0.28938259177885706,0.33677586482553956
13746,0.28933371025909804,0.33672492219277317
13747,0.28928482905938036,0.33667397923998943
13748,0.28923594817976717,0.33662303596715504
13749,0.28918706762028235,0.3365720923742065
13750,0.28913818738095864,0.33652114846112124
13751,0.2890893074618668,0.3364702042278689
13752,0.2890404278630281,0.33641925967437414
13753,0.2889915485844947,0.3363683148006178
13754,0.288942669626294,0.3363173696065497
13755,0.2888937909884888,0.336266424092139
13756,0.2888449126711139,0.3362154782573258
13757,0.28879603467419646,0.336164532102073
13758,0.28874715699779596,0.33611358562635474
13759,0.28869827964193373,0.3360626388301097
13760,0.2886494026066915,0.33601169171332046
13761,0.28860052589207097,0.3359607442758997
13762,0.2885516494981327,0.33590979651785235
13763,0.28850277342490793,0.33585884843911173
13764,0.28845389767246254,0.3358079000396518
13765,0.2884050222408201,0.3357569513194014
13766,0.28835614713000823,0.3357060022783408
13767,0.2883072723400929,0.33565505291644093
13768,0.28825839787111707,0.3356041032336379
13769,0.2882095237231217,0.33555315322988355
13770,0.2881606498961312,0.33550220290514265
13771,0.2881117763901859,0.33545125225938854
13772,0.2880629032053641,0.3354003012925796
13773,0.2880140303416785,0.33534935000463983
13774,0.2879651577991995,0.33529839839555375
13775,0.2879162855779258,0.3352474464652545
13776,0.287867413677928,0.33519649421374187
13777,0.28781854209924096,0.33514554164094223
13778,0.2877696708419085,0.3350945887468255
13779,0.2877207999059722,0.33504363553134553
13780,0.28767192929149066,0.3349926819944604
13781,0.2876230589984894,0.33494172813611256
13782,0.2875741890270065,0.3348907739562753
13783,0.28752531937707926,0.3348398194549116
13784,0.28747645004876954,0.3347888646319841
13785,0.2874275810421265,0.3347379094874303
13786,0.28737871235716517,0.33468695402120074
13787,0.287329843993952,0.3346359982332826
13788,0.28728097595253144,0.33458504212360607
13789,0.2872321082329137,0.33453408569212784
13790,0.28718324083516,0.33448312893884047
13791,0.28713437375932194,0.3344321718636798
13792,0.28708550700543456,0.3343812144665952
13793,0.2870366405735476,0.33433025674755146
13794,0.2869877744637077,0.33427929870649786
13795,0.28693890867593086,0.3342283403433888
13796,0.2868900432102889,0.3341773816582072
13797,0.28684117806680853,0.33412642265088344
13798,0.286792313245539,0.33407546332138993
13799,0.28674344874651325,0.33402450366967684
13800,0.2866945845697908,0.3339735436957114
13801,0.28664572071539796,0.33392258339943226
13802,0.2865968571833746,0.33387162278081717
13803,0.2865479939737997,0.3338206618398246
13804,0.28649913108667324,0.33376970057637345
13805,0.28645026852206223,0.3337187389904648
13806,0.28640140628000443,0.3336677770820332
13807,0.2863525443605417,0.33361681485104044
13808,0.28630368276371887,0.3335658522974423
13809,0.2862548214895636,0.33351488942119745
13810,0.28620596053815806,0.33346392622227505
13811,0.28615709990949567,0.33341296270059584
13812,0.2861082396036607,0.3333619988561636
13813,0.2860593796206683,0.3333110346888949
13814,0.286010519960586,0.3332600701987761
13815,0.28596166062342765,0.33320910538573667
13816,0.28591280160928023,0.3331581402497663
13817,0.2858639429181351,0.3331071747907761
13818,0.28581508455005655,0.33305620900877564
13819,0.28576622650509964,0.33300524290370037
13820,0.2857173687833028,0.3329542764754936
13821,0.2856685113847116,0.3329033097241184
13822,0.28561965430934944,0.33285234264952834
13823,0.2855707975572944,0.33280137525170084
13824,0.2855219411285428,0.33275040753055707
13825,0.2854730850231739,0.33269943948610325
13826,0.2854242292412409,0.3326484711182569
13827,0.2853753737827537,0.33259750242696484
13828,0.28532651864775627,0.3325465334122193
13829,0.2852776638363316,0.33249556407397585
13830,0.2852288093484927,0.3324445944121488
13831,0.2851799551842742,0.33239362442673004
13832,0.2851311013437453,0.3323426541176807
13833,0.2850822478269269,0.3322916834849329
13834,0.28503339463389854,0.33224071252846654
13835,0.28498454176464194,0.33218974124820055
13836,0.2849356892192776,0.33213876964415556
13837,0.2848868369977816,0.332087797716208
13838,0.28483798510023295,0.33203682546438384
13839,0.2847891335266646,0.3319858528886037
13840,0.284740282277127,0.3319348799888362
13841,0.2846914313516635,0.3318839067650271
13842,0.28464258075030635,0.3318329332171358
13843,0.2845937304731331,0.33178195934512966
13844,0.28454488052012417,0.3317309851489304
13845,0.28449603089139286,0.33168001062855934
13846,0.2844471815869445,0.3316290357838996
13847,0.28439833260682645,0.33157806061494943
13848,0.28434948395106097,0.3315270851216593
13849,0.2843006356197576,0.33147610930401006
13850,0.28425178761291203,0.3314251331618874
13851,0.28420293993055523,0.33137415669529957
13852,0.2841540925727686,0.33132317990421367
13853,0.2841052455395836,0.3312722027885492
13854,0.2840563988310165,0.3312212253482736
13855,0.284007552447183,0.33117024758337366
13856,0.2839587063880349,0.33111926949372683
13857,0.2839098606536842,0.3310682910793882
13858,0.28386101524413365,0.3310173123402439
13859,0.2838121701594494,0.33096633327629044
13860,0.28376332539967697,0.33091535388746307
13861,0.2837144809648544,0.3308643741737134
13862,0.28366563685504265,0.33081339413500355
13863,0.2836167930702488,0.33076241377127646
13864,0.28356794961053056,0.3307114330825216
13865,0.283519106475954,0.3306604520686828
13866,0.2834702636665615,0.3306094707296935
13867,0.28342142118236446,0.33055848906551044
13868,0.28337257902342383,0.3305075070761233
13869,0.28332373718982473,0.3304565247614728
13870,0.2832748956815445,0.3304055421214682
13871,0.28322605449865557,0.33035455915613754
13872,0.28317721364121917,0.33030357586540904
13873,0.28312837310925465,0.3302525922492171
13874,0.28307953290282406,0.3302016083075442
13875,0.2830306930219625,0.33015062404032913
13876,0.28298185346671145,0.3300996394475345
13877,0.2829330142371257,0.33004865452912147
13878,0.2828841753332587,0.3299976692850365
13879,0.28283533675512684,0.3299466837152204
13880,0.2827864985027857,0.32989569781966077
13881,0.28273766057628413,0.3298447115983034
13882,0.2826888229756761,0.32979372505109605
13883,0.28263998570099835,0.32974273817798583
13884,0.28259114875226776,0.32969175097893866
13885,0.2825423121295896,0.32964076345393334
13886,0.2824934758329507,0.32958977560286595
13887,0.28244463986241386,0.3295387874257524
13888,0.2823958042180581,0.329487798922527
13889,0.28234696889987554,0.32943681009311154
13890,0.2822981339079309,0.32938582093751334
13891,0.2822492992422845,0.32933483145566944
13892,0.28220046490294726,0.32928384164751767
13893,0.28215163089002215,0.3292328515130485
13894,0.2821027972034945,0.3291818610521564
13895,0.28205396384343273,0.3291308702648591
13896,0.2820051308098823,0.3290798791510874
13897,0.281956298102898,0.32902888771079497
13898,0.2819074657225108,0.32897789594392657
13899,0.28185863366876873,0.32892690385045165
13900,0.28180980194171,0.3288759114303246
13901,0.2817609705413835,0.3288249186835033
13902,0.2817121394678449,0.32877392560994356
13903,0.2816633087211431,0.3287229322095838
13904,0.2816144783012935,0.3286719384823784
13905,0.2815656482083779,0.32862094442831435
13906,0.28151681844240795,0.32856995004730516
13907,0.28146798900344727,0.32851895533934095
13908,0.2814191598915443,0.3284679603043592
13909,0.2813703311067344,0.32841696494231065
13910,0.28132150264906164,0.32836596925316053
13911,0.2812726745186058,0.3283149732368634
13912,0.2812238467153463,0.3282639768933401
13913,0.2811750192393717,0.3282129802226126
13914,0.2811261920907179,0.32816198322458945
13915,0.28107736526945337,0.32811098589923715
13916,0.2810285387755913,0.32805998824648674
13917,0.28097971260918486,0.32800899026632435
13918,0.2809308867702853,0.32795799195869735
13919,0.2808820612589302,0.32790699332355444
13920,0.2808332360751806,0.3278559943608589
13921,0.28078441121906694,0.32780499507054717
13922,0.28073558669064136,0.3277539954525912
13923,0.28068676248996427,0.32770299550693816
13924,0.280637938617041,0.32765199523352606
13925,0.28058911507194995,0.3276009946323518
13926,0.28054029185471374,0.3275499937033366
13927,0.2804914689654121,0.3274989924464594
13928,0.280442646404061,0.3274479908616358
13929,0.2803938241707201,0.32739698894885294
13930,0.2803450022654277,0.32734598670805015
13931,0.2802961806882429,0.32729498413919045
13932,0.280247359439187,0.32724398124221454
13933,0.2801985385183423,0.3271929780170998
13934,0.28014971792569865,0.32714197446376325
13935,0.28010089766136737,0.3270909705822186
13936,0.2800520777253477,0.327039966372352
13937,0.2800032581176981,0.3269889618341646
13938,0.27995443883846893,0.32693795696759675
13939,0.27990561988770035,0.32688695177260163
13940,0.27985680126544854,0.3268359462491348
13941,0.2798079829717469,0.326784940397142
13942,0.2797591650066408,0.3267339342165897
13943,0.2797103473701956,0.32668292770743435
13944,0.2796615300624332,0.3266319208696076
13945,0.2796127130834095,0.3265809137030896
13946,0.27956389643317936,0.3265299062078221
13947,0.27951508011179027,0.32647889838375266
13948,0.2794662641192609,0.3264278902308323
13949,0.27941744845567507,0.3263768817490442
13950,0.27936863312104987,0.32632587293830184
13951,0.27931981811542983,0.32627486379858994
13952,0.27927100343887945,0.3262238543298659
13953,0.27922218909143415,0.32617284453206075
13954,0.2791733750731574,0.3261218344051422
13955,0.2791245613840575,0.3260708239490445
13956,0.27907574802422097,0.3260198131637617
13957,0.27902693499367714,0.32596880204920664
13958,0.27897812229248165,0.3259177906053473
13959,0.27892930992066123,0.32586677883213255
13960,0.27888049787827995,0.32581576672953283
13961,0.27883168616537835,0.3257647542974835
13962,0.2787828747819896,0.3257137415359468
13963,0.2787340637281843,0.32566272844488764
13964,0.2786852530039967,0.32561171502423547
13965,0.27863644260946696,0.3255607012739562
13966,0.2785876325446508,0.3255096871940105
13967,0.2785388228095955,0.32545867278434026
13968,0.27849001340435575,0.3254076580449001
13969,0.2784412043289367,0.3253566429756356
13970,0.2783923955834344,0.32530562757654125
13971,0.2783435871678779,0.32525461184752147
13972,0.27829477908232225,0.3252035957885452
13973,0.27824597132677775,0.325152579399558
13974,0.27819716390132165,0.3251015626805521
13975,0.27814835680602323,0.325050545631448
13976,0.2780995500408654,0.32499952825217593
13977,0.2780507436059625,0.3249485105427561
13978,0.27800193750132296,0.32489749250306854
13979,0.277953131727003,0.32484647413310985
13980,0.27790432628304584,0.3247954554328213
13981,0.2778555211694911,0.3247444364021629
13982,0.2778067163863982,0.324693417041091
13983,0.2777579119338158,0.32464239734954714
13984,0.2777091078117895,0.3245913773274851
13985,0.2776603040203369,0.3245403569748553
13986,0.27761150055955897,0.32448933629164545
13987,0.27756269742945483,0.3244383152777499
13988,0.277513894630112,0.3243872939331709
13989,0.2774650921615358,0.32433627225782014
13990,0.2774162900238054,0.3242852502516955
13991,0.27736748821695045,0.3242342279147148
13992,0.2773186867410201,0.32418320524684796
13993,0.27726988559607446,0.3241321822480482
13994,0.2772210847821521,0.3240811589182533
13995,0.27717228429929164,0.3240301352574264
13996,0.27712348414756194,0.32397911126552803
13997,0.27707468432696736,0.32392808694248976
13998,0.27702588483761714,0.3238770622883075
13999,0.2769770856795145,0.32382603730286963
14000,0.2769282868527059,0.32377501198617364
14001,0.2768794883572596,0.3237239863381769
14002,0.2768306901932115,0.32367296035880744
14003,0.2767818923606111,0.32362193404802997
14004,0.2767330948595098,0.32357090740579586
14005,0.27668429768993585,0.3235198804320527
14006,0.2766355008519712,0.3234688531267723
14007,0.2765867043456349,0.32341782548987363
14008,0.27653790817099244,0.32336679752133723
14009,0.2764891123280788,0.3233157692210966
14010,0.27644031681692416,0.3232647405891165
14011,0.2763915216376155,0.32321371162537127
14012,0.27634272679019456,0.3231626823297683
14013,0.2762939322746707,0.3231116527022666
14014,0.27624513809113305,0.3230606227428603
14015,0.2761963442396045,0.32300959245145766
14016,0.27614755072013564,0.3229585618280365
14017,0.276098757532803,0.32290753087254687
14018,0.27604996467761067,0.3228564995849105
14019,0.27600117215462683,0.3228054679651239
14020,0.2759523799639052,0.32275443601311893
14021,0.2759035881054902,0.3227034037288439
14022,0.27585479657942735,0.32265237111224987
14023,0.2758060053857492,0.32260133816329484
14024,0.2757572145245386,0.3225503048819477
14025,0.27570842399580786,0.3224992712681214
14026,0.2756596337996331,0.32244823732180605
14027,0.27561084393602353,0.32239720304292496
14028,0.27556205440507076,0.32234616843147046
14029,0.2755132652068246,0.32229513348734884
14030,0.2754644763413068,0.3222440982105088
14031,0.2754156878085362,0.3221930626009307
14032,0.2753668996086469,0.3221420266585989
14033,0.27531811174159837,0.32209099038337274
14034,0.2752693242074642,0.3220399537752976
14035,0.2752205370063425,0.3219889168343011
14036,0.275171750138235,0.32193787956027886
14037,0.2751229636031822,0.321886841953233
14038,0.27507417740127094,0.3218358040131246
14039,0.2750253915324963,0.3217847657398628
14040,0.2749766059969725,0.32173372713345727
14041,0.2749278207946986,0.32168268819378854
14042,0.27487903592573204,0.32163164892086094
14043,0.2748302513901233,0.3215806093146176
14044,0.2747814671879458,0.3215295693750062
14045,0.27473268331920675,0.3214785291019514
14046,0.2746838997839689,0.321427488495452
14047,0.2746351165823051,0.3213764475554398
14048,0.27458633371423335,0.32132540628184314
14049,0.2745375511797914,0.32127436467464554
14050,0.2744887689790657,0.3212233227338084
14051,0.27443998711209705,0.32117228045924573
14052,0.2743912055789106,0.3211212378509156
14053,0.2743424243795909,0.32107019490879307
14054,0.2742936435141291,0.3210191516327938
14055,0.2742448629826384,0.32096810802292786
14056,0.274196082785114,0.32091706407908005
14057,0.274147302921647,0.32086601980125806
14058,0.2740985233922614,0.3208149751893671
14059,0.2740497441970279,0.3207639302433849
14060,0.27400096533594853,0.3207128849632416
14061,0.27395218680912226,0.320661839348934
14062,0.2739034086165677,0.32061079340036325
14063,0.2738546307583518,0.32055974711751045
14064,0.27380585323450934,0.32050870050031
14065,0.2737570760451081,0.32045765354872613
14066,0.27370829919017337,0.3204066062626917
14067,0.2736595226697809,0.32035555864217924
14068,0.273610746483947,0.3203045106871161
14069,0.27356197063274523,0.32025346239748453
14070,0.2735131951162205,0.320202413773209
14071,0.2734644199343992,0.32015136481424766
14072,0.2734156450873526,0.3201003155205737
14073,0.27336687057513775,0.32004926589211624
14074,0.27331809639779514,0.31999821592881594
14075,0.27326932255535175,0.3199471656306315
14076,0.27322054904788917,0.3198961149975409
14077,0.2731717758754346,0.3198450640294588
14078,0.27312300303805026,0.31979401272635766
14079,0.2730742305357813,0.3197429610881768
14080,0.27302545836867376,0.3196919091148712
14081,0.2729766865367873,0.3196408568063943
14082,0.2729279150401466,0.31958980416268556
14083,0.27287914387882994,0.31953875118372177
14084,0.2728303730528703,0.3194876978694233
14085,0.27278160256232487,0.3194366442197577
14086,0.27273283240723145,0.3193855902346685
14087,0.2726840625876361,0.31933453591411776
14088,0.2726352931036119,0.3192834812580596
14089,0.27258652395519645,0.3192324262664197
14090,0.2725377551424296,0.31918137093915944
14091,0.2724889866653777,0.3191303152762418
14092,0.2724402185240665,0.3190792592775983
14093,0.2723914507185745,0.3190282029432069
14094,0.2723426832489393,0.31897714627298324
14095,0.2722939161151958,0.3189260892668937
14096,0.2722451493174184,0.3188750319249033
14097,0.27219638285563463,0.318823974246935
14098,0.27214761672989296,0.31877291623296367
14099,0.2720988509402734,0.3187218578829413
14100,0.2720500854867953,0.3186707991967862
14101,0.272001320369506,0.3186197401744797
14102,0.27195255558849096,0.3185686808159752
14103,0.2719037911437756,0.31851762112118454
14104,0.2718550270353879,0.318466561090085
14105,0.2718062632634306,0.31841550072264857
14106,0.27175749982789665,0.31836444001877007
14107,0.27170873672889306,0.3183133789784598
14108,0.2716599739663996,0.3182623176016054
14109,0.27161121154053236,0.3182112558882353
14110,0.27156244945131036,0.3181601938382266
14111,0.2715136876987796,0.3181091314515633
14112,0.2714649262830102,0.31805806872819975
14113,0.2714161652040421,0.3180070056680617
14114,0.2713674044619119,0.3179559422711139
14115,0.2713186440566733,0.31790487853731875
14116,0.27126988398840546,0.31785381446662164
14117,0.27122112425712674,0.3178027500589432
14118,0.2711723648629074,0.31775168531426523
14119,0.2711236058057589,0.31770062023251633
14120,0.2710748470857911,0.31764955481368984
14121,0.27102608870300515,0.3175984890576711
14122,0.2709773306574903,0.3175474229644598
14123,0.27092857294925277,0.31749635653396624
14124,0.27087981557837737,0.31744528976618713
14125,0.2708310585448933,0.317394222661035
14126,0.2707823018488753,0.31734315521848244
14127,0.2707335454903499,0.3172920874384507
14128,0.2706847894693789,0.31724101932091797
14129,0.2706360337860019,0.31718995086582125
14130,0.2705872784402854,0.3171388820731199
14131,0.2705385234322597,0.3170878129427471
14132,0.27048976876199604,0.31703674347467437
14133,0.27044101442953794,0.3169856736688299
14134,0.27039226043495557,0.31693460352516756
14135,0.27034350677824004,0.31688353304362005
14136,0.27029475345949483,0.31683246222419637
14137,0.27024600047874126,0.31678139106679093
14138,0.27019724783606647,0.3167303195713851
14139,0.2701484955315009,0.3166792477378889
14140,0.27009974356507915,0.31662817556627276
14141,0.2700509919368599,0.3165771030565031
14142,0.2700022406469147,0.31652603020852077
14143,0.2699534896952591,0.31647495702225503
14144,0.26990473908198054,0.3164238834976886
14145,0.26985598880711914,0.31637280963473524
14146,0.26980723887070723,0.31632173543335296
14147,0.2697584892728071,0.31627066089351286
14148,0.269709740013493,0.3162195860151492
14149,0.26966099109275077,0.31616851079818886
14150,0.26961224251069826,0.3161174352426497
14151,0.2695634942673695,0.3160663593484073
14152,0.2695147463627938,0.31601528311543126
14153,0.26946599879704447,0.31596420654369195
14154,0.26941725157014884,0.31591312963311624
14155,0.26936850468220186,0.3158620523836766
14156,0.2693197581331903,0.31581097479527653
14157,0.2692710119232433,0.31575989686793393
14158,0.26922226605232635,0.31570881860151256
14159,0.26917352052057364,0.3156577399960536
14160,0.2691247753279632,0.31560666105141844
14161,0.2690760304745905,0.3155555817676313
14162,0.26902728596049386,0.315504502144596
14163,0.2689785417857391,0.3154534221822747
14164,0.2689297979503502,0.3154023418805997
14165,0.2688810544543989,0.3153512612395484
14166,0.2688323112979205,0.3153001802590508
14167,0.2687835684809904,0.3152490989390694
14168,0.2687348260036373,0.31519801727952923
14169,0.2686860838659132,0.31514693528040016
14170,0.2686373420679009,0.31509585294163367
14171,0.2685886006096059,0.31504477026314326
14172,0.2685398594911138,0.31499368724492693
14173,0.2684911187124568,0.31494260388689654
14174,0.26844237827368855,0.3148915201890201
14175,0.26839363817486916,0.31484043615124513
14176,0.26834489841605413,0.3147893517735104
14177,0.2682961589972849,0.3147382670557598
14178,0.2682474199186168,0.31468718199795553
14179,0.26819868118009405,0.3146360966000382
14180,0.26814994278177884,0.3145850108619641
14181,0.26810120472371657,0.3145339247836726
14182,0.2680524670059603,0.3144828383651179
14183,0.2680037296285598,0.3144317516062467
14184,0.2679549925915825,0.3143806645070094
14185,0.2679062558950551,0.31432957706733766
14186,0.267857519539051,0.31427848928720636
14187,0.26780878352358717,0.3142274011665406
14188,0.2677600478487623,0.31417631270532576
14189,0.26771131251461866,0.3141252239034583
14190,0.2676625775211531,0.3140741347609002
14191,0.2676138428684993,0.3140230452776558
14192,0.26756510855665494,0.31397195545358614
14193,0.26751637458569466,0.31392086528869867
14194,0.26746764095564135,0.31386977478291445
14195,0.2674189076666017,0.31381868393621415
14196,0.26737017471858116,0.313767592748489
14197,0.267321442111632,0.3137165012197344
14198,0.26727270984582163,0.3136654093498975
14199,0.26722397792121,0.31361431713891263
14200,0.2671752463378423,0.3135632245867165
14201,0.26712651509576535,0.3135121316932661
14202,0.26707778419504413,0.31346103845851514
14203,0.2670290536356985,0.3134099448823966
14204,0.26698032341781375,0.3133588509648947
14205,0.2669315935414499,0.3133077567059188
14206,0.2668828640066181,0.3132566621054105
14207,0.26683413481338436,0.31320556716336123
14208,0.26678540596183187,0.31315447187970336
14209,0.2667366774519808,0.3131033762543527
14210,0.26668794928389805,0.3130522802872906
14211,0.26663922145762686,0.3130011839784488
14212,0.2665904939732172,0.31295008732778573
14213,0.26654176683073905,0.3128989903352509
14214,0.26649304003024255,0.3128478930007722
14215,0.2664443135717556,0.31279679532430227
14216,0.2663955874553625,0.31274569730581114
14217,0.266346861681093,0.31269459894521745
14218,0.2662981362490042,0.31264350024248655
14219,0.26624941115916134,0.3125924011975667
14220,0.266200686411598,0.312541301810388
14221,0.2661519620063916,0.31249020208092104
14222,0.2661032379435684,0.3124391020090854
14223,0.26605451422319737,0.3123880015948566
14224,0.2660057908453106,0.3123369008381639
14225,0.26595706780998896,0.3122857997389782
14226,0.2659083451172818,0.3122346982972146
14227,0.26585962276722386,0.31218359651282623
14228,0.26581090075987357,0.31213249438577684
14229,0.2657621790953112,0.3120813919160108
14230,0.26571345777354827,0.31203028910344377
14231,0.26566473679465774,0.31197918594806817
14232,0.2656160161586766,0.31192808244980996
14233,0.2655672958656947,0.31187697860863106
14234,0.2655185759157259,0.3118258744244422
14235,0.2654698563088447,0.31177476989722885
14236,0.2654211370451006,0.3117236650269176
14237,0.26537241812454293,0.31167255981345854
14238,0.26532369954722856,0.3116214542568012
14239,0.2652749813132069,0.31157034835689146
14240,0.2652262634225372,0.3115192421136769
14241,0.2651775458752734,0.31146813552709973
14242,0.2651288286714535,0.3114170285971042
14243,0.2650801118111652,0.3113659213236568
14244,0.26503139529441455,0.31131481370666525
14245,0.26498267912127194,0.31126370574612494
14246,0.2649339632918193,0.3112125974419675
14247,0.26488524780608036,0.3111614887941071
14248,0.26483653266410334,0.31111037980252354
14249,0.2647878178659624,0.31105927046716775
14250,0.2647391034116978,0.31100816078796345
14251,0.26469038930138566,0.31095705076487334
14252,0.26464167553505247,0.3109059403978167
14253,0.26459296211274097,0.31085482968677225
14254,0.2645442490345439,0.31080371863169753
14255,0.2644955363004984,0.3107526072324944
14256,0.26444682391066143,0.3107014954891306
14257,0.26439811186507245,0.31065038340154494
14258,0.2643494001637876,0.31059927096970164
14259,0.2643006888068783,0.31054815819354364
14260,0.2642519777943666,0.3104970450729989
14261,0.2642032671263508,0.3104459316080459
14262,0.2641545568028453,0.3103948177985847
14263,0.26410584682393035,0.3103437036446044
14264,0.2640571371896242,0.3102925891460204
14265,0.2640084279000119,0.31024147430281823
14266,0.2639597189551435,0.31019035911491055
14267,0.2639110103550697,0.3101392435822482
14268,0.26386230209985584,0.31008812770478034
14269,0.2638135941895303,0.3100370114824409
14270,0.2637648866241691,0.3099858949152017
14271,0.2637161794038263,0.30993477800298874
14272,0.26366747252851996,0.3098836607457438
14273,0.2636187659983451,0.3098325431434549
14274,0.26357005981333725,0.3097814251960218
14275,0.26352135397356125,0.3097303069034103
14276,0.26347264847907814,0.3096791882655575
14277,0.2634239433299054,0.30962806928239806
14278,0.26337523852613987,0.3095769499539184
14279,0.2633265340678135,0.30952583028002023
14280,0.26327782995497573,0.30947471026067197
14281,0.263229126187698,0.3094235898958244
14282,0.2631804227660217,0.30937246918540506
14283,0.2631317196900068,0.3093213481293734
14284,0.26308301695971137,0.3092702267276686
14285,0.2630343145751739,0.3092191049802342
14286,0.2629856125364647,0.3091679828870305
14287,0.2629369108436329,0.30911686044798736
14288,0.26288820949672864,0.30906573766305545
14289,0.26283950849582616,0.3090146145321865
14290,0.2627908078409409,0.30896349105530285
14291,0.2627421075321683,0.30891236723239224
14292,0.2626934075695537,0.3088612430633553
14293,0.26264470795311956,0.3088101185481512
14294,0.26259600868296284,0.30875899368675475
14295,0.2625473097591222,0.30870786847907106
14296,0.262498611181633,0.3086567429250585
14297,0.2624499129505764,0.3086056170246836
14298,0.2624012150660031,0.3085544907778649
14299,0.2623525175279714,0.30850336418455193
14300,0.2623038203365078,0.3084522372446866
14301,0.26225512349169966,0.3084011099582411
14302,0.2622064269935648,0.30834998232512933
14303,0.26215773084221583,0.30829885434533455
14304,0.26210903503766225,0.30824772601873984
14305,0.262060339579959,0.30819659734533866
14306,0.2620116444691776,0.3081454683250785
14307,0.26196294970537615,0.30809433895788374
14308,0.26191425528860435,0.3080432092436981
14309,0.26186556121889704,0.30799207918247085
14310,0.26181686749634525,0.30794094877416833
14311,0.2617681741209753,0.3078898180186985
14312,0.26171948109285315,0.3078386869160369
14313,0.2616707884120326,0.3077875554661146
14314,0.26162209607857867,0.30773642366888065
14315,0.2615734040925334,0.3076852915242676
14316,0.26152471245394027,0.30763415903223557
14317,0.26147602116289304,0.30758302619274114
14318,0.2614273302194181,0.3075318930056875
14319,0.26137863962356567,0.3074807594710497
14320,0.26132994937542464,0.30742962558878073
14321,0.2612812594750088,0.3073784913587866
14322,0.26123256992239885,0.3073273567810575
14323,0.2611838807176503,0.30727622185550973
14324,0.2611351918607949,0.30722508658209
14325,0.26108650335191386,0.30717395096076594
14326,0.26103781519104463,0.3071228149914562
14327,0.2609891273782877,0.30707167867412466
14328,0.26094043991363525,0.307020542008666
14329,0.2608917527971746,0.30696940499509506
14330,0.26084306602896434,0.30691826763331775
14331,0.26079437960905216,0.30686712992328047
14332,0.2607456935374849,0.3068159918649328
14333,0.26069700781434113,0.30676485345822946
14334,0.2606483224396523,0.30671371470309194
14335,0.2605996374134951,0.3066625755994874
14336,0.2605509527359189,0.306611436147339
14337,0.26050226840696344,0.30656029634659865
14338,0.26045358442672883,0.3065091561972272
14339,0.26040490079520395,0.3064580156991208
14340,0.26035621751250315,0.3064068748522959
14341,0.26030753457865496,0.3063557336566336
14342,0.2602588519937198,0.30630459211210836
14343,0.2602101697577526,0.30625345021865835
14344,0.2601614878707943,0.30620230797622816
14345,0.26011280633293765,0.30615116538477916
14346,0.26006412514421884,0.30610002244421675
14347,0.26001544430468604,0.30604887915450285
14348,0.25996676381440664,0.30599773551559384
14349,0.2599180836734324,0.3059465915274179
14350,0.25986940388182256,0.3058954471899269
14351,0.25982072443962667,0.3058443025030594
14352,0.25977204534690346,0.3057931574667667
14353,0.2597233666037223,0.30574201208098983
14354,0.2596746882101211,0.30569086634565823
14355,0.2596260101661467,0.3056397202607364
14356,0.25957733247189874,0.3055885738261773
14357,0.259528655127385,0.3055374270418776
14358,0.2594799781327012,0.3054862799078344
14359,0.25943130148788307,0.3054351324239476
14360,0.2593826251929907,0.3053839845901841
14361,0.25933394924806263,0.30533283640648323
14362,0.2592852736531973,0.3052816878728086
14363,0.2592365984084106,0.30523053898905617
14364,0.2591879235137823,0.3051793897552144
14365,0.2591392489693529,0.3051282401712042
14366,0.25909057477518993,0.30507709023698315
14367,0.25904190093135027,0.30502593995248395
14368,0.258993227437894,0.30497478931764854
14369,0.2589445542948652,0.30492363833241976
14370,0.25889588150235054,0.3048724869967506
14371,0.25884720906034964,0.3048213353105549
14372,0.25879853696897437,0.3047701832738354
14373,0.2587498652282507,0.30471903088647834
14374,0.25870119383824597,0.3046678781484575
14375,0.2586525227990235,0.30461672505970816
14376,0.2586038521106262,0.3045655716201624
14377,0.2585551817731424,0.3045144178297797
14378,0.2585065117865627,0.3044632636884711
14379,0.25845784215102086,0.3044121091962507
14380,0.2584091728665203,0.3043609543529757
14381,0.258360503933142,0.30430979915865164
14382,0.2583118353509257,0.3042586436131919
14383,0.2582631671199638,0.3042074877165586
14384,0.25821449924027795,0.3041563314686586
14385,0.25816583171192686,0.304105174869472
14386,0.25811716453500677,0.3040540179189388
14387,0.25806849770953133,0.3040028606169619
14388,0.2580198312355605,0.30395170296352925
14389,0.2579711651131916,0.3039005449585791
14390,0.2579224993424247,0.3038493866020162
14391,0.25787383392335206,0.3037982278938396
14392,0.2578251688560338,0.3037470688339571
14393,0.25777650414051956,0.3036959094223082
14394,0.2577278397768714,0.303644749658844
14395,0.2576791757651471,0.3035935895435008
14396,0.2576305121053818,0.30354242907622164
14397,0.2575818487976589,0.3034912682569726
14398,0.25753318584202356,0.3034401070856684
14399,0.2574845232385288,0.3033889455622665
14400,0.2574358609872759,0.3033377836867117
14401,0.25738719908824925,0.3032866214589014
14402,0.2573385375415458,0.30323545887885406
14403,0.2572898763472433,0.3031842959464729
14404,0.25724121550534884,0.3031331326616773
14405,0.2571925550159716,0.30308196902446416
14406,0.2571438948791469,0.3030308050347189
14407,0.25709523509493304,0.3029796406924098
14408,0.2570465756633702,0.3029284759974783
14409,0.2569979165845502,0.30287731094988446
14410,0.25694925785850997,0.3028261455495356
14411,0.2569005994853063,0.30277497979639445
14412,0.25685194146499646,0.3027238136904058
14413,0.25680328379767037,0.30267264723151144
14414,0.25675462648333147,0.30262148041962
14415,0.25670596952207836,0.30257031325473005
14416,0.2566573129139551,0.30251914573674266
14417,0.2566086566590108,0.3024679778656141
14418,0.2565600007573292,0.30241680964129425
14419,0.2565113452089488,0.3023656410636999
14420,0.25646269001392996,0.30231447213279217
14421,0.2564140351723416,0.3022633028485098
14422,0.256365380684231,0.302212133210786
14423,0.2563167265496499,0.30216096321957153
14424,0.2562680727686686,0.30210979287481665
14425,0.2562194193413456,0.30205862217644985
14426,0.2561707662677466,0.3020074511244122
14427,0.25612211354790815,0.30195627971863837
14428,0.25607346118191043,0.3019051079590924
14429,0.25602480916976855,0.30185393584569276
14430,0.25597615751161173,0.30180276337842815
14431,0.2559275062074329,0.30175159055716283
14432,0.255878855257351,0.30170041738190967
14433,0.25583020466136264,0.30164924385254455
14434,0.2557815544195653,0.3015980699690768
14435,0.25573290453200115,0.3015468957314067
14436,0.25568425499874814,0.30149572113948964
14437,0.25563560581985234,0.30144454619324845
14438,0.25558695699536693,0.30139337089263907
14439,0.2555383085253593,0.30134219523760686
14440,0.25548966040987886,0.30129101922808454
14441,0.2554410126489992,0.3012398428640243
14442,0.2553923652427649,0.30118866614535
14443,0.2553437181912436,0.30113748907201676
14444,0.25529507149446673,0.30108631164396094
14445,0.2552464251525529,0.30103513386114766
14446,0.25519777916551223,0.3009839557234594
14447,0.2551491335334133,0.30093277723088563
14448,0.2551004882563248,0.3008815983833584
14449,0.2550518433343003,0.3008304191808071
14450,0.2550031987673922,0.3007792396231804
14451,0.2549545545556591,0.30072805971042527
14452,0.25490591069917046,0.30067687944248356
14453,0.25485726719799817,0.30062569881928436
14454,0.2548086240521752,0.30057451784075706
14455,0.2547599812617718,0.30052333650686747
14456,0.25471133882682695,0.3004721548175464
14457,0.2546626967474328,0.30042097277275503
14458,0.254614055023648,0.3003697903724013
14459,0.254565413655502,0.30031860761642437
14460,0.25451677264307837,0.30026742450479627
14461,0.2544681319864157,0.3002162410374343
14462,0.25441949168560096,0.30016505721430076
14463,0.2543708517406873,0.300113873035305
14464,0.25432221215171025,0.30006268850039586
14465,0.25427357291874264,0.300011503609538
14466,0.2542249340418523,0.2999603183626586
14467,0.25417629552107823,0.2999091327596892
14468,0.254127657356519,0.29985794680059275
14469,0.2540790195481859,0.29980676048526644
14470,0.25403038209617324,0.29975557381370466
14471,0.2539817450005415,0.2997043867858088
14472,0.2539331082613332,0.2996531994015189
14473,0.25388447187860486,0.2996020116607928
14474,0.25383583585242464,0.2995508235635762
14475,0.2537872001828565,0.2994996351097987
14476,0.25373856486995283,0.29944844629939715
14477,0.25368992991379047,0.2993972571323187
14478,0.2536412953144054,0.29934606760848514
14479,0.25359266107187217,0.2992948777278628
14480,0.25354402718623814,0.2992436874903769
14481,0.25349539365757423,0.29919249689597816
14482,0.2534467604859496,0.29914130594459776
14483,0.25339812767141057,0.2990901146361643
14484,0.2533494952140041,0.2990389229706336
14485,0.2533008631138267,0.29898773094795883
14486,0.25325223137089103,0.2989365385680409
14487,0.25320359998530784,0.29888534583087034
14488,0.2531549689570839,0.2988341527363342
14489,0.2531063382863388,0.298782959284427
14490,0.2530577079730818,0.298731765475027
14491,0.25300907801740924,0.29868057130812786
14492,0.25296044841935494,0.29862937678363144
14493,0.2529118191789942,0.29857818190150376
14494,0.2528631902963867,0.2985269866616709
14495,0.2528145617715841,0.2984757910640713
14496,0.2527659336046606,0.29842459510865516
14497,0.25271730579565865,0.29837339879534586
14498,0.252668678344651,0.298322202124105
14499,0.25262005125170806,0.2982710050948545
14500,0.25257142451685777,0.2982198077075281
14501,0.2525227981401914,0.2981686099620978
14502,0.2524741721217547,0.2981174118584693
14503,0.2524255464616141,0.2980662133965999
14504,0.25237692115984145,0.2980150145764201
14505,0.25232829621645936,0.2979638153978602
14506,0.2522796716315736,0.2979126158608988
14507,0.2522310474052092,0.2978614159654268
14508,0.2521824235374581,0.29781021571142186
14509,0.2521338000283613,0.297759015098791
14510,0.25208517687799104,0.2977078141274918
14511,0.2520365540864,0.2976566127974558
14512,0.25198793165364974,0.2976054111086248
14513,0.2519393095798035,0.297554209060942
14514,0.25189068786491564,0.2975030066543425
14515,0.2518420665090526,0.2974518038887721
14516,0.25179344551226857,0.29740060076416475
14517,0.2517448248746438,0.2973493972804657
14518,0.251696204596205,0.2972981934375939
14519,0.2516475846770705,0.2972469892355253
14520,0.2515989651172357,0.297195784674138
14521,0.251550345916811,0.29714457975343855
14522,0.25150172707582885,0.29709337447331663
14523,0.2514531085943641,0.2970421688337387
14524,0.25140449047249425,0.29699096283463133
14525,0.2513558727102223,0.2969397564759143
14526,0.2513072553076585,0.2968885497575906
14527,0.25125863826486516,0.2968373426795444
14528,0.251210021581896,0.29678613524171393
14529,0.2511614052588027,0.2967349274440466
14530,0.2511127892956462,0.2966837192864913
14531,0.2510641736925028,0.29663251076898733
14532,0.25101555844943446,0.29658130189145626
14533,0.2509669435664843,0.29653009265383734
14534,0.2509183290437166,0.2964788830560865
14535,0.25086971488120424,0.29642767309814333
14536,0.250821101079,0.2963764627799296
14537,0.25077248763720505,0.29632525210139626
14538,0.2507238745557998,0.29627404106243826
14539,0.25067526183491673,0.2962228296630812
14540,0.25062664947459745,0.2961716179031878
14541,0.2505780374749056,0.2961204057827167
14542,0.25052942583587046,0.2960691933016062
14543,0.2504808145575923,0.2960179804598264
14544,0.2504322036401161,0.29596676725727655
14545,0.25038359308351943,0.2959155536939122
14546,0.25033498288785794,0.29586433976965587
14547,0.2502863730531828,0.29581312548444927
14548,0.25023776357955196,0.2957619108382453
14549,0.25018915446706247,0.2957106958309851
14550,0.2501405457157285,0.2956594804625673
14551,0.2500919373256536,0.29560826473298396
14552,0.2500433292968899,0.2955570486421273
14553,0.24999472162945757,0.2955058321899462
14554,0.2499461143234688,0.29545461537642326
14555,0.24989750737899485,0.29540339820144224
14556,0.24984890079605448,0.29535218066493163
14557,0.24980029457472952,0.295300962766877
14558,0.24975168871507647,0.29524974450719343
14559,0.24970308321715506,0.29519852588582485
14560,0.24965447808106012,0.2951473069027122
14561,0.2496058733068156,0.2950960875577593
14562,0.2495572688945049,0.29504486785094264
14563,0.249508664844179,0.29499364778217985
14564,0.24946006115590968,0.2949424273514195
14565,0.24941145782974883,0.294891206558589
14566,0.24936285486576837,0.29483998540363787
14567,0.24931425226404824,0.2947887638864918
14568,0.24926565002460055,0.29473754200707214
14569,0.24921704814752987,0.2946863197653683
14570,0.24916844663286164,0.2946350971612741
14571,0.2491198454807252,0.29458387419476595
14572,0.24907124469113806,0.29453265086571023
14573,0.24902264426414333,0.2944814271740934
14574,0.2489740441998317,0.29443020311987134
14575,0.24892544449826204,0.2943789787029534
14576,0.24887684515951347,0.2943277539232797
14577,0.2488282461836221,0.2942765287807714
14578,0.24877964757066662,0.2942253032753941
14579,0.24873104932071577,0.2941740774070669
14580,0.24868245143380086,0.294122851175721
14581,0.24863385391001636,0.2940716245813272
14582,0.24858525674941845,0.2940203976237894
14583,0.24853665995206042,0.29396917030305236
14584,0.24848806351801245,0.29391794261906146
14585,0.24843946744732914,0.2938667145717482
14586,0.24839087174009256,0.29381548616105757
14587,0.24834227639634643,0.2937642573869057
14588,0.24829368141617636,0.2937130282492514
14589,0.24824508679962443,0.2936617987480078
14590,0.24819649254676546,0.29361056888313186
14591,0.24814789865765674,0.29355933865454975
14592,0.24809930513237965,0.29350810806220484
14593,0.24805071197095518,0.293456877106014
14594,0.24800211917347814,0.2934056457859592
14595,0.24795352674002014,0.29335441410194296
14596,0.2479049346706339,0.2933031820538943
14597,0.2478563429653562,0.29325194964175993
14598,0.24780775162431223,0.2932007168655062
14599,0.2477591606475178,0.29314948372500127
14600,0.24771057003504382,0.2930982502202363
14601,0.2476619797869548,0.2930470163511363
14602,0.2476133899033104,0.2929957821176402
14603,0.24756480038420214,0.29294454751968424
14604,0.24751621122964784,0.29289331255717976
14605,0.24746762243976328,0.2928420772301086
14606,0.24741903401457999,0.29279084153835333
14607,0.24737044595415958,0.29273960548188294
14608,0.24732185825858544,0.29268836906063767
14609,0.2472732709279053,0.2926371322745319
14610,0.24722468396218023,0.2925858951235186
14611,0.24717609736150292,0.2925346576075376
14612,0.24712751112591458,0.29248341972649494
14613,0.2470789252554506,0.2924321814803492
14614,0.24703033975023847,0.29238094286906846
14615,0.24698175461028615,0.29232970389252055
14616,0.24693316983569702,0.2922784645506997
14617,0.24688458542652614,0.2922272248435034
14618,0.24683600138283346,0.2921759847708739
14619,0.24678741770466595,0.2921247443327524
14620,0.24673883439212052,0.29207350352909267
14621,0.24669025144523193,0.29202226235979745
14622,0.24664166886407424,0.2919710208248323
14623,0.2465930866487318,0.29191977892412313
14624,0.24654450479924295,0.2918685366575844
14625,0.24649592331568182,0.29181729402517953
14626,0.24644734219811593,0.2917660510268334
14627,0.246398761446603,0.2917148076624776
14628,0.24635018106122475,0.29166356393205617
14629,0.24630160104200227,0.29161231983548574
14630,0.2462530213890557,0.2915610753727469
14631,0.2462044421024303,0.2915098305437187
14632,0.2461558631821622,0.29145858534835434
14633,0.24610728462834586,0.29140733978662103
14634,0.24605870644103134,0.2913560938584209
14635,0.24601012862031435,0.29130484756370734
14636,0.24596155116623175,0.29125360090238095
14637,0.2459129740788445,0.29120235387440707
14638,0.24586439735822818,0.2911511064797242
14639,0.2458158210044551,0.2910998587182574
14640,0.24576724501757774,0.29104861058993203
14641,0.24571866939764575,0.29099736209469884
14642,0.24567009414476604,0.2909461132325073
14643,0.2456215192589717,0.2908948640032487
14644,0.24557294474033375,0.29084361440689177
14645,0.2455243705889284,0.29079236444336487
14646,0.24547579680480847,0.29074111411259174
14647,0.24542722338805267,0.29068986341451863
14648,0.24537865033871376,0.2906386123490684
14649,0.24533007765684722,0.2905873609161861
14650,0.24528150534255577,0.29053610911581973
14651,0.24523293339585805,0.29048485694786386
14652,0.24518436181685088,0.29043360441230137
14653,0.24513579060558666,0.29038235150903313
14654,0.24508721976213654,0.29033109823801073
14655,0.2450386492865716,0.29027984459915845
14656,0.24499007917894788,0.29022859059240746
14657,0.24494150943933435,0.2901773362177026
14658,0.24489294006779572,0.2901260814749721
14659,0.24484437106438395,0.29007482636415405
14660,0.24479580242919963,0.29002357088519615
14661,0.24474723416227673,0.2899723150379958
14662,0.2446986662636994,0.2899210588225203
14663,0.24465009873352095,0.28986980223868597
14664,0.2446015315718011,0.28981854528643847
14665,0.24455296477863664,0.28976728796571904
14666,0.24450439835405824,0.2897160302764299
14667,0.24445583229815604,0.2896647722185426
14668,0.24440726661097334,0.2896135137919632
14669,0.24435870129260917,0.2895622549966511
14670,0.24431013634310006,0.28951099583250683
14671,0.24426157176252605,0.28945973629949384
14672,0.2442130075509399,0.28940847639753076
14673,0.24416444370842583,0.28935721612656806
14674,0.2441158802350314,0.2893059554865175
14675,0.24406731713083696,0.28925469447733543
14676,0.2440187543959056,0.28920343309893837
14677,0.24397019203029724,0.2891521713512638
14678,0.24392163003408784,0.28910090923425324
14679,0.24387306840734646,0.28904964674782985
14680,0.2438245071501225,0.2889983838919229
14681,0.24377594626249355,0.288947120666485
14682,0.24372738574452413,0.28889585707144005
14683,0.24367882559628562,0.2888445931067213
14684,0.24363026581783376,0.2887933287722563
14685,0.2435817064092397,0.28874206406799185
14686,0.24353314737057097,0.28869079899385464
14687,0.2434845887018955,0.2886395335497789
14688,0.24343603040328643,0.2885882677356957
14689,0.24338747247479153,0.2885370015515326
14690,0.24333891491649262,0.2884857349972404
14691,0.24329035772845153,0.28843446807273876
14692,0.24324180091076164,0.28838320077796553
14693,0.24319324446342427,0.2883319331128258
14694,0.24314468838656866,0.28828066507732264
14695,0.24309613268024555,0.2882293966713213
14696,0.24304757734450155,0.2881781278947724
14697,0.24299902237942572,0.28812685874763133
14698,0.24295046778507245,0.2880755892298098
14699,0.2429019135615209,0.2880243193412493
14700,0.24285335970882727,0.2879730490818738
14701,0.2428048062270346,0.2879217784516248
14702,0.24275625311628557,0.2878705074504643
14703,0.24270770037655987,0.2878192360782432
14704,0.24265914800799004,0.28776796433498597
14705,0.2426105960106042,0.28771669222055807
14706,0.24256204438447682,0.28766541973493087
14707,0.2425134931296845,0.28761414687803366
14708,0.24246494224631143,0.2875628736497866
14709,0.24241639173436447,0.28751160005010457
14710,0.24236784159397606,0.287460326078985
14711,0.2423192918251893,0.28740905173629117
14712,0.2422707424280769,0.28735777702198106
14713,0.24222219340267737,0.28730650193598206
14714,0.24217364474910497,0.28725522647825796
14715,0.24212509646738,0.28720395064869086
14716,0.2420765485576003,0.287152674447263
14717,0.24202800101984634,0.2871013978738757
14718,0.24197945385414354,0.28705012092844806
14719,0.24193090706058418,0.28699884361095485
14720,0.2418823606392454,0.28694756592130355
14721,0.24183381459016962,0.28689628785941845
14722,0.24178526891346208,0.2868450094252568
14723,0.24173672360914988,0.2867937306187103
14724,0.24168817867730963,0.2867424514397542
14725,0.2416396341180227,0.2866911718883144
14726,0.2415910899313629,0.28663989196430706
14727,0.24154254611738346,0.2865886116676559
14728,0.24149400267615362,0.28653733099831047
14729,0.24144545960774533,0.2864860499562015
14730,0.24139691691221987,0.2864347685412577
14731,0.2413483745896623,0.2863834867534155
14732,0.24129983264012922,0.2863322045925908
14733,0.24125129106366394,0.2862809220587269
14734,0.2412027498603888,0.2862296391517841
14735,0.24115420903031648,0.28617835587163365
14736,0.24110566857356908,0.28612707221826905
14737,0.24105712849019145,0.2860757881915612
14738,0.24100858878021658,0.28602450379147015
14739,0.2409600494437536,0.2859732190179637
14740,0.24091151048088466,0.28592193387093057
14741,0.2408629718916162,0.28587064835028686
14742,0.2408144336760859,0.2858193624560318
14743,0.24076589583432328,0.28576807618802136
14744,0.24071735836640107,0.2857167895462297
14745,0.2406688212724033,0.2856655025305842
14746,0.24062028455238849,0.28561421514099816
14747,0.24057174820640181,0.2855629273774143
14748,0.2405232122345673,0.2855116392397907
14749,0.24047467663690436,0.2854603507279977
14750,0.24042614141349739,0.2854090618420194
14751,0.24037760656441898,0.28535777258177086
14752,0.2403290720897312,0.28530648294717864
14753,0.24028053798949844,0.28525519293818313
14754,0.24023200426381264,0.2852039025547173
14755,0.24018347091272918,0.2851526117966895
14756,0.24013493793630825,0.2851013206640445
14757,0.2400864053346482,0.2850500291567224
14758,0.2400378731077849,0.284998737274625
14759,0.2399893412557923,0.2849474450177154
14760,0.239940809778743,0.2848961523859226
14761,0.2398922786767108,0.28484485937917103
14762,0.23984374794979202,0.28479356599738803
14763,0.23979521759799605,0.28474227224047444
14764,0.23974668762143647,0.2846909781084269
14765,0.23969815802016958,0.28463968360112735
14766,0.23964962879426221,0.2845883887185201
14767,0.2396010999437943,0.28453709346053857
14768,0.23955257146882136,0.28448579782710304
14769,0.23950404336942333,0.28443450181815755
14770,0.23945551564565515,0.28438320543362305
14771,0.23940698829760954,0.2843319086734445
14772,0.23935846132532868,0.2842806115375285
14773,0.2393099347289156,0.2842293140258336
14774,0.23926140850840427,0.28417801613825344
14775,0.23921288266388563,0.2841267178747596
14776,0.2391643571954375,0.28407541923525814
14777,0.23911583210310572,0.2840241202196694
14778,0.23906730738696913,0.28397282082795083
14779,0.23901878304711333,0.2839215210600231
14780,0.2389702590835876,0.28387022091579894
14781,0.23892173549646634,0.2838189203952304
14782,0.23887321228582192,0.2837676194982425
14783,0.2388246894517293,0.2837163182247633
14784,0.2387761669942431,0.283665016574717
14785,0.23872764491346588,0.2836137145480505
14786,0.23867912320943196,0.2835624121446578
14787,0.2386306018822424,0.2835111093645093
14788,0.2385820809319169,0.28345980620749966
14789,0.23853356035858886,0.2834085026736133
14790,0.238485040162273,0.28335719876271226
14791,0.23843652034308938,0.28330589447478716
14792,0.23838800090107404,0.28325458980971374
14793,0.23833948183631426,0.2832032847674558
14794,0.23829096314885356,0.2831519793479277
14795,0.23824244483880963,0.2831006735510887
14796,0.238193926906211,0.2830493673768141
14797,0.23814540935112782,0.28299806082508205
14798,0.23809689217367092,0.28294675389581847
14799,0.23804837537388912,0.2828954465889132
14800,0.2379998589518464,0.2828441389043188
14801,0.237951342907595,0.2827928308419677
14802,0.23790282724123646,0.2827415224018147
14803,0.23785431195284634,0.2826902135837537
14804,0.23780579704247085,0.28263890438770545
14805,0.23775728251017403,0.28258759481363027
14806,0.23770876835606936,0.2825362848614621
14807,0.23766025458020734,0.2824849745310841
14808,0.23761174118264083,0.2824336638224495
14809,0.237563228163441,0.28238235273550527
14810,0.23751471552269865,0.2823310412701793
14811,0.23746620326049517,0.2822797294263816
14812,0.23741769137686874,0.28222841720402647
14813,0.23736917987190154,0.282177104603082
14814,0.23732066874566593,0.2821257916234624
14815,0.23727215799825552,0.28207447826509857
14816,0.2372236476297227,0.28202316452789156
14817,0.23717513764011722,0.2819718504117915
14818,0.23712662802954887,0.2819205359167517
14819,0.23707811879805374,0.28186922104265744
14820,0.2370296099457445,0.2818179057894763
14821,0.2369811014726425,0.28176659015709316
14822,0.23693259337885997,0.28171527414548836
14823,0.23688408566445585,0.28166395775454856
14824,0.23683557832948643,0.28161264098421523
14825,0.23678707137404664,0.2815613238344318
14826,0.23673856479819388,0.2815100063051039
14827,0.23669005860199788,0.2814586883961737
14828,0.2366415527855441,0.2814073701075728
14829,0.23659304734889108,0.2813560514392127
14830,0.23654454229212396,0.2813047323910379
14831,0.23649603761527804,0.2812534129629598
14832,0.23644753331848545,0.2812020931549485
14833,0.2363990294017796,0.2811507729668661
14834,0.2363505258652231,0.2810994523986827
14835,0.23630202270890543,0.2810481314503358
14836,0.2362535199329141,0.2809968101217337
14837,0.23620501753729262,0.2809454884127891
14838,0.23615651552212613,0.28089416632346
14839,0.23610801388746927,0.28084284385366143
14840,0.2360595126334184,0.28079152100333826
14841,0.2360110117600418,0.28074019777239245
14842,0.23596251126739842,0.28068887416075783
14843,0.23591401115555533,0.2806375501683742
14844,0.23586551142461953,0.2805862257951761
14845,0.23581701207463335,0.28053490104105405
14846,0.2357685131056806,0.2804835759059672
14847,0.23572001451782654,0.2804322503898319
14848,0.23567151631114092,0.280380924492583
14849,0.23562301848571454,0.28032959821414927
14850,0.2355745210415806,0.2802782715544415
14851,0.23552602397887512,0.280226944513427
14852,0.2354775272976093,0.28017561709096594
14853,0.23542903099788204,0.28012428928705213
14854,0.23538053507977552,0.2800729611015841
14855,0.23533203954334025,0.28002163253447876
14856,0.2352835443886696,0.27997030358568764
14857,0.23523504961582065,0.2799189742551156
14858,0.23518655522486165,0.27986764454270774
14859,0.23513806121589642,0.27981631444839417
14860,0.23508956758895727,0.2797649839720705
14861,0.235041074344153,0.27971365311370655
14862,0.23499258148151614,0.27966232187319096
14863,0.23494408900116626,0.2796109902504935
14864,0.2348955969031592,0.2795596582454921
14865,0.2348471051875436,0.27950832585813223
14866,0.2347986138544209,0.27945699308836736
14867,0.23475012290385133,0.279405659936093
14868,0.23470163233591268,0.2793543264012507
14869,0.23465314215068156,0.27930299248376145
14870,0.23460465234822214,0.2792516581835487
14871,0.23455616292861314,0.2792003235005487
14872,0.23450767389194016,0.27914898843468394
14873,0.23445918523824016,0.2790976529858644
14874,0.2344106969676215,0.2790463171540599
14875,0.2343622090801445,0.2789949809391563
14876,0.23431372157588204,0.27894364434109675
14877,0.23426523445491454,0.2788923073598062
14878,0.23421674771730072,0.278840969995204
14879,0.2341682613631414,0.2787896322472352
14880,0.23411977539245876,0.27873829411579365
14881,0.23407128980538927,0.278686955600863
14882,0.23402280460198455,0.27863561670229986
14883,0.23397431978228522,0.27858427742005754
14884,0.23392583534640088,0.27853293775409516
14885,0.23387735129441334,0.2784815977043025
14886,0.23382886762634758,0.27843025727059445
14887,0.23378038434234383,0.27837891645295243
14888,0.23373190144240585,0.27832757525122764
14889,0.23368341892665412,0.27827623366542653
14890,0.23363493679515945,0.27822489169542186
14891,0.23358645504799036,0.27817354934114435
14892,0.23353797368520535,0.2781222066025242
14893,0.233489492706896,0.27807086347950516
14894,0.23344101211314272,0.2780195199719946
14895,0.2333925319039969,0.27796817607991153
14896,0.23334405207954245,0.27791683180320637
14897,0.233295572639864,0.27786548714179404
14898,0.2332470935850116,0.27781414209558863
14899,0.2331986149150933,0.2777627966645426
14900,0.23315013663015016,0.277711450848546
14901,0.23310165873028355,0.2776601046475592
14902,0.23305318121556984,0.277608758061479
14903,0.23300470408605167,0.27755741109022936
14904,0.23295622734181576,0.2775060637337692
14905,0.23290775098295624,0.27745471599201166
14906,0.23285927500952874,0.27740336786486175
14907,0.2328107994216163,0.27735201935226217
14908,0.23276232421928533,0.2773006704541332
14909,0.23271384940263973,0.2772493211704067
14910,0.2326653749717127,0.27719797150097614
14911,0.23261690092658305,0.2771466214458138
14912,0.23256842726735139,0.277095271004839
14913,0.2325199539940963,0.27704392017794965
14914,0.23247148110686,0.2769925689650663
14915,0.23242300860574228,0.2769412173661493
14916,0.23237453649079787,0.27688986538109617
14917,0.23232606476212503,0.2768385130098565
14918,0.2322775934197998,0.2767871602523275
14919,0.23222912246387306,0.2767358071084344
14920,0.2321806518944326,0.2766844535781273
14921,0.2321321817115506,0.2766330996613189
14922,0.23208371191531452,0.27658174535793445
14923,0.232035242505785,0.2765303906678881
14924,0.23198677348304564,0.2764790355911202
14925,0.23193830484716416,0.2764276801275447
14926,0.23188983659824036,0.2763763242770968
14927,0.23184136873631656,0.27632496803967344
14928,0.23179290126147556,0.2762736114152341
14929,0.23174443417379909,0.2762222544036983
14930,0.23169596747336718,0.27617089700498054
14931,0.23164750116026211,0.27611953921900123
14932,0.2315990352345404,0.2760681810456793
14933,0.23155056969629262,0.27601682248495796
14934,0.23150210454557674,0.2759654635367452
14935,0.23145363978248712,0.2759141042009866
14936,0.2314051754070734,0.27586274447758474
14937,0.231356711419465,0.2758113843664919
14938,0.23130824781968184,0.2757600238675745
14939,0.2312597846078227,0.27570866298081786
14940,0.23121132178396386,0.2756573017061199
14941,0.23116285934818792,0.2756059400434051
14942,0.23111439730053873,0.2755545779925923
14943,0.23106593564113842,0.2755032155536373
14944,0.23101747437003084,0.2754518527264157
14945,0.23096901348730725,0.2754004895108857
14946,0.2309205529930275,0.2753491259069548
14947,0.23087209288729993,0.2752977619145637
14948,0.23082363317014853,0.2752463975336039
14949,0.230775173841698,0.275195032764053
14950,0.23072671490201058,0.2751436676057849
14951,0.23067825635116423,0.2750923020587357
14952,0.23062979818921436,0.2750409361228302
14953,0.23058134041626488,0.2749895697980126
14954,0.23053288303239095,0.2749382030841765
14955,0.23048442603764696,0.27488683598124886
14956,0.23043596943213374,0.27483546848917606
14957,0.23038751321590145,0.27478410060785374
14958,0.2303390573890447,0.27473273233723594
14959,0.23029060195165107,0.27468136367722673
14960,0.23024214690376688,0.2746299946277364
14961,0.23019369224548625,0.2745786251887208
14962,0.23014523797690467,0.2745272553600866
14963,0.23009678409805323,0.2744758851417335
14964,0.2300483306090545,0.2744245145336377
14965,0.2299998775099592,0.2743731435356699
14966,0.22995142480085717,0.2743217721477834
14967,0.22990297248180802,0.27427040036988604
14968,0.22985452055291,0.27421902820192157
14969,0.2298060690142365,0.2741676556437871
14970,0.2297576178658307,0.2741162826954123
14971,0.2297091671078384,0.27406490935675487
14972,0.22966071674027666,0.2740135356276643
14973,0.22961226676325686,0.27396216150812924
14974,0.22956381717680552,0.27391078699803306
14975,0.22951536798108507,0.2738594120973543
14976,0.22946691917608109,0.273808036805926
14977,0.22941847076195487,0.2737566611237666
14978,0.22937002273870466,0.27370528505071157
14979,0.2293215751064751,0.27365390858676575
14980,0.22927312786530074,0.2736025317317805
14981,0.2292246810152897,0.2735511544857242
14982,0.22917623455648628,0.2734997768484869
14983,0.22912778848898607,0.27344839882002747
14984,0.2290793428128769,0.2733970204002477
14985,0.22903089752821937,0.27334564158905894
14986,0.2289824526351233,0.27329426238640375
14987,0.2289340081336122,0.27324288279216735
14988,0.22888556402380555,0.27319150280633153
14989,0.22883712030577463,0.2731401224287727
14990,0.22878867697957816,0.2730887416594232
14991,0.2287402340453173,0.2730373604982226
14992,0.22869179150305385,0.2729859789450686
14993,0.22864334935288677,0.2729345969999014
14994,0.22859490759486145,0.27288321466262055
14995,0.22854646622908992,0.27283183193318084
14996,0.22849802525562835,0.27278044881147046
14997,0.22844958467457444,0.27272906529743357
14998,0.2284011444859826,0.27267768139097237
14999,0.22835270468993696,0.27262629709203234
15000,0.22830426528653736,0.2725749124005301
15001,0.22825582627585483,0.2725235273163632
15002,0.22820738765793636,0.2724721418394619
15003,0.2281589494328916,0.2724207559697813
15004,0.22811051160080498,0.27236936970721104
15005,0.22806207416172253,0.27231798305166344
15006,0.22801363711574996,0.2722665960030971
15007,0.227965200462953,0.272215208561403
15008,0.22791676420342777,0.2721638207265157
15009,0.22786832833724158,0.2721124324983404
15010,0.22781989286448345,0.27206104387680696
15011,0.22777145778519337,0.2720096548618288
15012,0.22772302309949444,0.2719582654533692
15013,0.2276745888074373,0.2719068756512989
15014,0.22762615490912275,0.2718554854555709
15015,0.22757772140462262,0.27180409486608237
15016,0.2275292882940062,0.2717527038827626
15017,0.2274808555773722,0.27170131250554297
15018,0.22743242325477053,0.2716499207343235
15019,0.22738399132632336,0.27159852856905364
15020,0.22733555979206121,0.27154713600961244
15021,0.22728712865210787,0.27149574305597124
15022,0.22723869790649998,0.2714443497080007
15023,0.2271902675553492,0.2713929559656699
15024,0.22714183759871776,0.27134156182886526
15025,0.22709340803668487,0.2712901672975244
15026,0.22704497886935437,0.2712387723715668
15027,0.2269965500967811,0.27118737705088913
15028,0.22694812171905987,0.27113598133543826
15029,0.2268996937362484,0.27108458522511725
15030,0.22685126614844697,0.27103318871986926
15031,0.22680283895573627,0.27098179181959436
15032,0.2267544121581606,0.27093039452421164
15033,0.22670598575585,0.2708789968336792
15034,0.2266575597488546,0.2708275987478611
15035,0.22660913413726802,0.27077620026671123
15036,0.22656070892115576,0.270724801390135
15037,0.2265122841006042,0.2706734021180688
15038,0.2264638596757108,0.2706220024504252
15039,0.22641543564653532,0.2705706023871043
15040,0.22636701201316534,0.27051920192804735
15041,0.22631858877565658,0.2704678010731688
15042,0.22627016593411864,0.27041639982241206
15043,0.22622174348863644,0.27036499817566817
15044,0.22617332143927182,0.27031359613285066
15045,0.22612489978611272,0.2702621936938966
15046,0.22607647852921142,0.27021079085872135
15047,0.22602805766870504,0.270159387627272
15048,0.22597963720463587,0.2701079839994077
15049,0.22593121713708963,0.27005657997509036
15050,0.22588279746615236,0.2700051755542334
15051,0.22583437819189933,0.2699537707367481
15052,0.2257859593144138,0.2699023655225625
15053,0.22573754083377395,0.26985095991159125
15054,0.22568912275007813,0.26979955390375854
15055,0.22564070506338096,0.2697481474989609
15056,0.22559228777376628,0.2696967406971509
15057,0.225543870881321,0.26964533349823927
15058,0.22549545438615182,0.26959392590214215
15059,0.22544703828830648,0.26954251790874995
15060,0.22539862258786836,0.2694911095180156
15061,0.2253502072849063,0.26943970072985746
15062,0.22530179237955916,0.2693882915442072
15063,0.2252533778718372,0.269336881960922
15064,0.2252049637618745,0.2692854719799973
15065,0.22515655004971502,0.26923406160129304
15066,0.2251081367354577,0.26918265082477
15067,0.22505972381920092,0.26913123965032604
15068,0.22501131130099572,0.26907982807786324
15069,0.22496289918093282,0.2690284161073321
15070,0.22491448745908915,0.26897700373864186
15071,0.22486607613556553,0.26892559097171453
15072,0.2248176652104268,0.2688741778064486
15073,0.22476925468376874,0.2688227642427816
15074,0.22472084455564334,0.2687713502806147
15075,0.22467243482617028,0.2687199359198986
15076,0.22462402549539617,0.26866852116051243
15077,0.22457561656343827,0.26861710600240973
15078,0.22452720803036064,0.2685656904454722
15079,0.2244787998962089,0.2685142744896355
15080,0.22443039216113025,0.26846285813485915
15081,0.22438198482516947,0.2684114413809888
15082,0.2243335778884129,0.2683600242279838
15083,0.22428517135095016,0.2683086066757574
15084,0.22423676521284774,0.26825718872421933
15085,0.22418835947422555,0.2682057703733035
15086,0.22413995413510035,0.2681543516228869
15087,0.22409154919560992,0.26810293247296035
15088,0.22404314465581443,0.2680515129233785
15089,0.22399474051580548,0.26800009297408445
15090,0.2239463367756691,0.2679486726249851
15091,0.22389793343548303,0.26789725187599567
15092,0.22384953049529022,0.26784583072703716
15093,0.22380112795523566,0.26779440917807107
15094,0.22375272581537153,0.26774298722894585
15095,0.223704324075784,0.2676915648796131
15096,0.22365592273654977,0.2676401421299853
15097,0.22360752179775456,0.2675887189799866
15098,0.2235591212595065,0.26753729542953275
15099,0.223510721121831,0.2674858714785101
15100,0.2234623213848762,0.26743444712690034
15101,0.22341392204866273,0.2673830223745496
15102,0.22336552311331415,0.2673315972214425
15103,0.2233171245789185,0.26728017166745077
15104,0.2232687264455333,0.2672287457124879
15105,0.22322032871325703,0.26717731935649647
15106,0.22317193138215408,0.26712589259937847
15107,0.22312353445233224,0.26707446544107005
15108,0.22307513792386846,0.26702303788146053
15109,0.22302674179682946,0.26697160992047675
15110,0.22297834607130873,0.26692018155804964
15111,0.22292995074739497,0.2668687527940867
15112,0.22288155582516445,0.2668173236284984
15113,0.22283316130470776,0.26676589406120754
15114,0.22278476718610207,0.2667144640921272
15115,0.2227363734694341,0.26666303372117584
15116,0.22268798015478075,0.2666116029482699
15117,0.2226395872422149,0.26656017177332936
15118,0.22259119473188105,0.26650874019628645
15119,0.22254280262377701,0.26645730821698965
15120,0.2224944109180349,0.26640587583544784
15121,0.22244601961474386,0.2663544430515249
15122,0.22239762871396218,0.26630300986513156
15123,0.22234923821579078,0.26625157627621066
15124,0.22230084812030682,0.26620014228466315
15125,0.22225245842759478,0.26614870789040945
15126,0.2222040691377445,0.2660972730933646
15127,0.2221556802508151,0.26604583789344016
15128,0.22210729176692545,0.26599440229057925
15129,0.22205890368614467,0.26594296628465786
15130,0.22201051600854416,0.2658915298756094
15131,0.2219621287342355,0.26584009306336287
15132,0.22191374186328905,0.26578865584780553
15133,0.22186535539577834,0.2657372182288673
15134,0.22181696933180461,0.2656857802064764
15135,0.22176858367144048,0.2656343417805287
15136,0.22172019841477253,0.26558290295095466
15137,0.22167181356189336,0.2655314637176661
15138,0.22162342911287503,0.26548002408057036
15139,0.2215750450678089,0.2654285840395939
15140,0.22152666142679922,0.26537714359464804
15141,0.22147827818988608,0.26532570274562595
15142,0.2214298953571735,0.2652742614924901
15143,0.22138151292876862,0.2652228198351365
15144,0.22133313090472362,0.26517137777345556
15145,0.22128474928516795,0.2651199353073964
15146,0.22123636807014035,0.2650684924368285
15147,0.22118798725973177,0.2650170491617142
15148,0.2211396068540361,0.264965605481964
15149,0.2210912268531522,0.26491416139748214
15150,0.2210428472571513,0.26486271690816876
15151,0.220994468066116,0.26481127201395493
15152,0.2209460892801247,0.2647598267147573
15153,0.22089771089929333,0.2647083810104973
15154,0.22084933292367492,0.26465693490105646
15155,0.22080095535337307,0.2646054883863852
15156,0.22075257818846938,0.2645540414663803
15157,0.22070420142904157,0.264502594140957
15158,0.22065582507517578,0.2644511464100411
15159,0.22060744912696817,0.2643996982735439
15160,0.22055907358449356,0.26434824973136795
15161,0.22051069844784466,0.2642968007834424
15162,0.22046232371710817,0.26424535142967254
15163,0.22041394939236358,0.26419390166997037
15164,0.22036557547368507,0.2641424515042582
15165,0.22031720196118232,0.2640910009324624
15166,0.2202688288549266,0.2640395499544712
15167,0.22022045615503605,0.26398809857021477
15168,0.22017208386152276,0.26393664677957174
15169,0.22012371197455383,0.26388519458253656
15170,0.22007534049415867,0.2638337419789364
15171,0.22002696942044697,0.2637822889687441
15172,0.2199785987535151,0.26373083555184973
15173,0.21993022849341404,0.2636793817281574
15174,0.21988185864027376,0.26362792749761466
15175,0.21983348919415557,0.2635764728600922
15176,0.21978512015513885,0.26352501781552806
15177,0.2197367515233335,0.26347356236384567
15178,0.21968838329879325,0.2634221065049307
15179,0.21964001548163814,0.26337065023873363
15180,0.2195916480719271,0.2633191935651331
15181,0.2195432810697734,0.2632677364840683
15182,0.21949491447524672,0.26321627899542654
15183,0.2194465482884248,0.2631648210991412
15184,0.21939818250940912,0.263113362795131
15185,0.2193498171383016,0.2630619040832952
15186,0.21930145217514996,0.263010444963533
15187,0.21925308762006035,0.26295898543579543
15188,0.2192047234731369,0.26290752549997864
15189,0.21915635973443992,0.2628560651559747
15190,0.2191079964040603,0.26280460440372666
15191,0.219059633482099,0.2627531432431426
15192,0.21901127096864204,0.262701681674119
15193,0.21896290886376324,0.2626502196965731
15194,0.2189145471675481,0.2625987573104309
15195,0.21886618588009954,0.2625472945156053
15196,0.21881782500150038,0.2624958313119936
15197,0.21876946453184642,0.26244436769951507
15198,0.21872110447118565,0.26239290367806944
15199,0.21867274481965826,0.2623414392476149
15200,0.21862438557729436,0.2622899744080055
15201,0.2185760267442316,0.26223850915921576
15202,0.21852766832055615,0.262187043501104
15203,0.21847931030631085,0.26213557743358473
15204,0.21843095270162183,0.2620841109566193
15205,0.21838259550655403,0.26203264407007576
15206,0.21833423872121893,0.26198117677389454
15207,0.21828588234572244,0.2619297090679604
15208,0.21823752638006,0.26187824095216505
15209,0.21818917082442535,0.2618267724265223
15210,0.21814081567885502,0.2617753034908289
15211,0.2180924609434276,0.2617238341450515
15212,0.218044106618267,0.26167236438911423
15213,0.21799575270342486,0.2616208942228889
15214,0.2179473991990124,0.26156942364632696
15215,0.2178990461051109,0.26151795265931654
15216,0.21785069342181596,0.26146648126177574
15217,0.21780234114921893,0.2614150094536082
15218,0.21775398928738765,0.26136353723472316
15219,0.21770563783639996,0.2613120646050524
15220,0.21765728679640173,0.2612605915645221
15221,0.21760893616741772,0.2612091181129801
15222,0.21756058594957017,0.2611576442504061
15223,0.21751223614295023,0.26110616997667524
15224,0.21746388674763006,0.2610546952916972
15225,0.21741553776370703,0.2610032201954008
15226,0.21736718919126385,0.260951744687687
15227,0.21731884103039445,0.26090026876847483
15228,0.2172704932811883,0.2608487924376689
15229,0.2172221459437369,0.2607973156951816
15230,0.2171737990181133,0.2607458385409185
15231,0.21712545250441995,0.2606943609748087
15232,0.21707710640275923,0.2606428829967501
15233,0.21702876071318256,0.2605914046066372
15234,0.21698041543581503,0.260539925804422
15235,0.21693207057072605,0.2604884465899786
15236,0.21688372611801432,0.2604369669632359
15237,0.2168353820777693,0.2603854869240978
15238,0.21678703845006264,0.2603340064724723
15239,0.21673869523499223,0.26028252560829035
15240,0.21669035243267032,0.2602310443314524
15241,0.2166420100431714,0.26017956264184405
15242,0.21659366806654656,0.2601280805393943
15243,0.21654532650295466,0.2600765980240537
15244,0.21649698535244755,0.26002511509565573
15245,0.21644864461508773,0.2599736317541559
15246,0.21640030429102586,0.25992214799949
15247,0.21635196438031068,0.2598706638315049
15248,0.21630362488304178,0.2598191792501543
15249,0.21625528579931064,0.2597676942553373
15250,0.2162069471292024,0.2597162088469629
15251,0.21615860887281713,0.25966472302494525
15252,0.21611027103022384,0.2596132367891856
15253,0.2160619336015419,0.2595617501396146
15254,0.21601359658683783,0.25951026307611136
15255,0.21596525998621496,0.25945877559861197
15256,0.21591692379974625,0.2594072877070107
15257,0.21586858802754494,0.25935579940123565
15258,0.21582025266968097,0.2593043106811722
15259,0.2157719177262507,0.2592528215467542
15260,0.21572358319736662,0.25920133199788176
15261,0.2156752490830881,0.25914984203444125
15262,0.21562691538351175,0.25909835165637707
15263,0.21557858209873781,0.2590468608635913
15264,0.21553024922886177,0.25899536965598247
15265,0.21548191677395445,0.25894387803345587
15266,0.21543358473411,0.25889238599594
15267,0.2153852531094418,0.25884089354334383
15268,0.21533692190001363,0.25878940067554945
15269,0.215288591105938,0.2587379073924956
15270,0.2152402607272863,0.25868641369406764
15271,0.21519193076416743,0.25863491958019724
15272,0.21514360121664844,0.2585834250507736
15273,0.21509527208484636,0.2585319301057305
15274,0.21504694336884578,0.2584804347449512
15275,0.21499861506871587,0.2584289389683486
15276,0.21495028718457143,0.25837744277585795
15277,0.21490195971649972,0.25832594616736004
15278,0.21485363266457858,0.258274449142769
15279,0.21480530602892578,0.25822295170200826
15280,0.21475697980961495,0.25817145384495843
15281,0.21470865400673667,0.2581199555715461
15282,0.2146603286203841,0.2580684568816818
15283,0.2146120036506327,0.2580169577752711
15284,0.21456367909760543,0.2579654582522416
15285,0.21451535496138552,0.25791395831246544
15286,0.21446703124205924,0.25786245795586105
15287,0.2144187079396922,0.2578109571823437
15288,0.21437038505443606,0.2577594559918486
15289,0.21432206258631936,0.2577079543842197
15290,0.21427374053547665,0.2576564523594338
15291,0.21422541890199098,0.25760494991735206
15292,0.21417709768593607,0.2575534470578926
15293,0.21412877688742316,0.2575019437809837
15294,0.21408045650652474,0.2574504400865105
15295,0.2140321365433695,0.25739893597440544
15296,0.2139838169980135,0.2573474314445341
15297,0.21393549787055044,0.25729592649684374
15298,0.21388717916110955,0.2572444211312419
15299,0.21383886086974513,0.2571929153475949
15300,0.213790542996541,0.2571414091458517
15301,0.21374222554162414,0.25708990252593056
15302,0.21369390850508574,0.2570383954876996
15303,0.21364559188699506,0.2569868880310695
15304,0.21359727568745712,0.2569353801559725
15305,0.21354895990655098,0.256883871862301
15306,0.21350064454438977,0.25683236314997926
15307,0.21345232960105864,0.25678085401889095
15308,0.2134040150766674,0.2567293444689517
15309,0.21335570097126155,0.2566778345000512
15310,0.21330738728497167,0.2566263241121466
15311,0.21325907401788413,0.2565748133051047
15312,0.21321076117008908,0.25652330207884044
15313,0.213162448741671,0.2564717904332623
15314,0.21311413673273938,0.2564202783682882
15315,0.21306582514338257,0.2563687658838064
15316,0.21301751397369761,0.2563172529797275
15317,0.21296920322375734,0.25626573965595767
15318,0.21292089289366367,0.2562142259124226
15319,0.2128725829835223,0.25616271174902105
15320,0.21282427349341604,0.25611119716564756
15321,0.21277596442345958,0.2560596821622161
15322,0.2127276557737111,0.2560081667386147
15323,0.21267934754427698,0.25595665089478514
15324,0.2126310397352693,0.2559051346306207
15325,0.21258273234675873,0.2558536179460076
15326,0.21253442537886202,0.2558021008408785
15327,0.21248611883165702,0.2557505833151129
15328,0.212437812705222,0.25569906536863585
15329,0.21238950699966597,0.25564754700136816
15330,0.21234120171510817,0.25559602821320293
15331,0.21229289685160546,0.25554450900401515
15332,0.21224459240927562,0.2554929893737531
15333,0.21219628838820426,0.25544146932229694
15334,0.21214798478845875,0.2553899488495617
15335,0.21209968161015502,0.255338427955481
15336,0.2120513788534144,0.2552869066399378
15337,0.21200307651832295,0.2552353849028104
15338,0.21195477460494172,0.2551838627440096
15339,0.21190647311338817,0.25513234016347974
15340,0.21185817204374024,0.25508081716110076
15341,0.21180987139610075,0.25502929373679717
15342,0.21176157117057515,0.2549777698904647
15343,0.21171327136725215,0.2549262456219955
15344,0.21166497198622047,0.25487472093130437
15345,0.21161667302758735,0.25482319581829893
15346,0.21156837449141763,0.2547716702828736
15347,0.21152007637784376,0.2547201443249678
15348,0.21147177868693767,0.2546686179444422
15349,0.21142348141881895,0.254617091141228
15350,0.21137518457356452,0.25456556391520546
15351,0.21132688815123168,0.25451403626629654
15352,0.2112785921519862,0.25446250819444705
15353,0.21123029657588033,0.2544109796994882
15354,0.21118200142301613,0.25435945078136957
15355,0.2111337066934904,0.25430792143998626
15356,0.21108541238740886,0.2542563916752464
15357,0.21103711850486528,0.25420486148703725
15358,0.21098882504592742,0.2541533308752717
15359,0.2109405320107166,0.2541017998398786
15360,0.21089223939932045,0.2540502683807374
15361,0.21084394721184374,0.2539987364977605
15362,0.21079565544836876,0.2539472041908434
15363,0.2107473641089963,0.2538956714599022
15364,0.21069907319382897,0.25384413830483754
15365,0.21065078270295834,0.25379260472554843
15366,0.21060249263647457,0.2537410707219383
15367,0.21055420299446403,0.25368953629392277
15368,0.21050591377705596,0.25363800144141135
15369,0.2104576249843113,0.2535864661642764
15370,0.2104093366163422,0.25353493046245734
15371,0.21036104867327388,0.2534833943358413
15372,0.21031276115513386,0.25343185778430066
15373,0.21026447406208693,0.2533803208078145
15374,0.21021618739418013,0.2533287834062099
15375,0.21016790115153983,0.25327724557944664
15376,0.21011961533422996,0.25322570732739325
15377,0.21007132994238376,0.25317416864999076
15378,0.21002304497608226,0.2531226295471024
15379,0.20997476043543295,0.253071090018647
15380,0.209926476320499,0.2530195500645176
15381,0.20987819263141982,0.2529680096846515
15382,0.20982990936825152,0.2529164688789104
15383,0.2097816265311393,0.252864927647236
15384,0.2097333441201269,0.25281338598948333
15385,0.2096850621353501,0.2527618439056116
15386,0.20963678057686141,0.2527103013954807
15387,0.20958849944481517,0.2526587584590435
15388,0.20954021873929118,0.25260721509613915
15389,0.2094919384603613,0.25255567130669
15390,0.20944365860813408,0.25250412709062686
15391,0.209395379182721,0.25245258244783975
15392,0.20934710018420388,0.25240103737821595
15393,0.20929882161268942,0.2523494918816753
15394,0.20925054346827665,0.25229794595811017
15395,0.2092022657510444,0.25224639960742135
15396,0.20915398846109856,0.2521948528295307
15397,0.20910571159853553,0.2521433056243326
15398,0.2090574351634904,0.2520917579917299
15399,0.2090091591559986,0.25204020993158593
15400,0.20896088357620124,0.251988661443868
15401,0.2089126084241617,0.251937112528434
15402,0.20886433370003954,0.25188556318522126
15403,0.20881605940386017,0.25183401341406697
15404,0.20876778553575281,0.25178246321495046
15405,0.20871951209582018,0.25173091258773894
15406,0.20867123908417418,0.2516793615323326
15407,0.2086229665008762,0.2516278100486148
15408,0.2085746943460478,0.25157625813652906
15409,0.20852642261976706,0.2515247057959512
15410,0.20847815132217085,0.2514731530268062
15411,0.20842988045332345,0.25142159982895107
15412,0.20838161001331068,0.25137004620232706
15413,0.20833334000227022,0.2513184921468474
15414,0.208285070420285,0.2512669376623726
15415,0.2082368012674617,0.2512153827488215
15416,0.20818853254387992,0.251163827406084
15417,0.2081402642496648,0.2511122716340852
15418,0.2080919963848662,0.25106071543269615
15419,0.20804372894964973,0.25100915880187125
15420,0.20799546194406093,0.2509576017414388
15421,0.2079471953682156,0.25090604425135876
15422,0.20789892922220787,0.25085448633151386
15423,0.20785066350616233,0.25080292798180837
15424,0.20780239822013424,0.25075136920211827
15425,0.2077541333642735,0.2506998099923905
15426,0.20770586893862186,0.25064825035246985
15427,0.2076576049433465,0.25059669028232123
15428,0.20760934137847276,0.250545129781771
15429,0.20756107824415992,0.2504935688508009
15430,0.20751281554047574,0.25044200748924395
15431,0.20746455326752966,0.2503904456970393
15432,0.20741629142541484,0.25033888347407196
15433,0.2073680300142392,0.25028732082025285
15434,0.2073197690340992,0.25023575773547224
15435,0.20727150848509823,0.25018419421963256
15436,0.20722324836731532,0.25013263027263233
15437,0.20717498868088424,0.2500810658943915
15438,0.20712672942587895,0.25002950108477673
15439,0.20707847060240314,0.24997793584371353
15440,0.20703021221057183,0.2499263701711003
15441,0.2069819542504594,0.24987480406681772
15442,0.20693369672218898,0.24982323753079572
15443,0.20688543962585126,0.24977167056290916
15444,0.2068371829615393,0.2497201031630677
15445,0.20678892672937543,0.24966853533117694
15446,0.20674067092944637,0.24961696706711622
15447,0.2066924155618456,0.24956539837079839
15448,0.20664416062668833,0.24951382924213006
15449,0.2065959061240512,0.249462259680995
15450,0.2065476520540559,0.24941068968731817
15451,0.20649939841679577,0.24935911926097654
15452,0.20645114521236618,0.24930754840187674
15453,0.20640289244088672,0.24925597710992609
15454,0.2063546401024462,0.2492044053850011
15455,0.20630638819712788,0.2491528332270141
15456,0.2062581367250591,0.24910126063588478
15457,0.20620988568634913,0.24904968761148194
15458,0.20616163508104346,0.24899811415369566
15459,0.2061133849093133,0.24894654026248575
15460,0.20606513517120995,0.2488949659376759
15461,0.20601688586685174,0.2488433911792184
15462,0.20596863699635337,0.24879181598699118
15463,0.20592038855978478,0.24874024036088116
15464,0.2058721405572742,0.24868866430082104
15465,0.20582389298890913,0.24863708780667848
15466,0.20577564585480213,0.24858551087836822
15467,0.20572739915504623,0.24853393351577702
15468,0.20567915288974759,0.24848235571881172
15469,0.205630907059005,0.2484307774873663
15470,0.20558266166290762,0.24837919882134252
15471,0.20553441670158246,0.24832761972065154
15472,0.20548617217511356,0.24827604018516392
15473,0.20543792808361017,0.24822446021479816
15474,0.20538968442716277,0.24817287980944336
15475,0.20534144120588427,0.24812129896901158
15476,0.20529319841988358,0.2480697176933867
15477,0.20524495606924664,0.24801813598246103
15478,0.20519671415407337,0.2479665538361494
15479,0.20514847267450143,0.24791497125435136
15480,0.20510023163058144,0.24786338823692733
15481,0.2050519910224663,0.2478118047838308
15482,0.20500375085021272,0.24776022089490335
15483,0.20495551111393484,0.2477086365700938
15484,0.2049072718137701,0.24765705180928732
15485,0.20485903294977326,0.24760546661234095
15486,0.20481079452208772,0.2475538809792056
15487,0.20476255653078435,0.24750229490973397
15488,0.20471431897597947,0.24745070840385874
15489,0.20466608185776736,0.24739912146146315
15490,0.2046178451762618,0.24734753408245058
15491,0.20456960893157394,0.24729594626670948
15492,0.20452137312378826,0.24724435801412514
15493,0.2044731377529998,0.24719276932461642
15494,0.20442490281934167,0.24714118019808917
15495,0.2043766683229039,0.24708959063440705
15496,0.20432843426379033,0.24703800063348103
15497,0.20428020064207497,0.2469864101952065
15498,0.20423196745791228,0.24693481931951333
15499,0.20418373471136886,0.2468832280062424
15500,0.20413550240256062,0.24683163625532967
15501,0.2040872705315927,0.246780044066659
15502,0.2040390390985507,0.24672845144012434
15503,0.20399080810359282,0.24667685837564113
15504,0.20394257754674283,0.2466252648730478
15505,0.2038943474281596,0.24657367093232774
15506,0.2038461177479327,0.2465220765533137
15507,0.20379788850615776,0.24647048173592334
15508,0.20374965970297243,0.24641888648005472
15509,0.20370143133842444,0.24636729078557318
15510,0.20365320341266502,0.2463156946524332
15511,0.2036049759257721,0.24626409808047878
15512,0.2035567488778548,0.24621250106963688
15513,0.2035085222690306,0.24616090361979437
15514,0.20346029609939242,0.24610930573083623
15515,0.20341207036905007,0.2460577074026684
15516,0.20336384507809013,0.2460061086351808
15517,0.20331562022666205,0.245954509428288
15518,0.20326739581481335,0.2459029097818375
15519,0.20321917184268523,0.2458513096957865
15520,0.20317094831036553,0.2457997091699905
15521,0.20312272521796637,0.245748108204363
15522,0.203074502565591,0.24569650679879163
15523,0.2030262803533459,0.24564490495317248
15524,0.20297805858134021,0.24559330266739898
15525,0.20292983724967362,0.2455416999413632
15526,0.20288161635845825,0.2454900967749638
15527,0.2028333959077684,0.24543849316808852
15528,0.2027851758977417,0.24538688912066808
15529,0.2027369563284791,0.24533528463255816
15530,0.2026887372000682,0.24528367970366094
15531,0.20264051851264786,0.24523207433388872
15532,0.2025923002662786,0.24518046852310094
15533,0.20254408246111288,0.24512886227124042
15534,0.20249586509722828,0.24507725557814986
15535,0.20244764817472827,0.24502564844375452
15536,0.20239943169371466,0.2449740408679537
15537,0.2023512156543178,0.24492243285064164
15538,0.20230300005662438,0.2448708243916885
15539,0.2022547849007451,0.24481921549100794
15540,0.20220657018678478,0.2447676061484887
15541,0.2021583559148572,0.24471599636402808
15542,0.20211014208506128,0.24466438613750907
15543,0.20206192869749307,0.24461277546883542
15544,0.20201371575226723,0.24456116435790998
15545,0.20196550324949647,0.24450955280461995
15546,0.20191729118928692,0.2444579408088492
15547,0.2018690795717265,0.2444063283704927
15548,0.2018208683969669,0.2443547154894653
15549,0.2017726576650558,0.24430310216560902
15550,0.2017244473761196,0.24425148839888322
15551,0.20167623753028652,0.2441998741891589
15552,0.20162802812764236,0.24414825953630614
15553,0.20157981916828793,0.2440966444402406
15554,0.20153161065237846,0.24404502890086366
15555,0.20148340257994402,0.2439934129180118
15556,0.20143519495115503,0.24394179649166658
15557,0.20138698776607733,0.24389017962164816
15558,0.2013387810248327,0.24383856230789647
15559,0.2012905747275462,0.24378694455028826
15560,0.2012423688743099,0.243735326348696
15561,0.2011941634652199,0.2436837077030295
15562,0.2011459585003974,0.24363208861319208
15563,0.20109775397993024,0.2435804690790634
15564,0.20104954990395585,0.24352884910055628
15565,0.2010013462725777,0.24347722867753185
15566,0.20095314308586798,0.24342560780988542
15567,0.20090494034397155,0.2433739864975477
15568,0.20085673804697557,0.24332236474037217
15569,0.20080853619500594,0.24327074253827197
15570,0.20076033478816613,0.24321911989112066
15571,0.20071213382655206,0.24316749679881366
15572,0.2006639333102619,0.24311587326125705
15573,0.2006157332394296,0.2430642492783538
15574,0.20056753361415613,0.24301262484996788
15575,0.2005193344345243,0.24296099997599763
15576,0.2004711357006841,0.24290937465636375
15577,0.20042293741272355,0.24285774889091172
15578,0.2003747395707408,0.24280612267955526
15579,0.200326542174861,0.2427544960221968
15580,0.2002783452251773,0.24270286891871085
15581,0.20023014872181655,0.24265124136900518
15582,0.20018195266485472,0.24259961337295077
15583,0.20013375705444636,0.24254798493047447
15584,0.20008556189064897,0.24249635604141806
15585,0.2000373671736202,0.24244472670572936
15586,0.1999891729034452,0.24239309692324362
15587,0.1999409790802309,0.2423414666938809
15588,0.19989278570408575,0.2422898360175333
15589,0.19984459277511224,0.24223820489409087
15590,0.19979640029344636,0.24218657332345372
15591,0.19974820825917017,0.24213494130548296
15592,0.19970001667241277,0.24208330884009832
15593,0.19965182553325111,0.24203167592716912
15594,0.19960363484182742,0.24198004256662242
15595,0.19955544459824615,0.24192840875831045
15596,0.1995072548026099,0.24187677450213163
15597,0.1994590654550139,0.24182513979798315
15598,0.19941087655559964,0.2417735046457702
15599,0.1993626881044548,0.2417218690453493
15600,0.19931450010169205,0.24167023299663448
15601,0.19926631254741511,0.24161859649951267
15602,0.19921812544175044,0.24156695955388152
15603,0.19916993878479272,0.24151532215961247
15604,0.1991217525766651,0.24146368431661025
15605,0.19907356681746546,0.2414120460247544
15606,0.19902538150730686,0.24136040728394514
15607,0.19897719664629476,0.24130876809406954
15608,0.19892901223454473,0.24125712845502367
15609,0.19888082827216458,0.2412054883666911
15610,0.19883264475927653,0.2411538478289622
15611,0.1987844616959913,0.2411022068417169
15612,0.198736279082401,0.2410505654048416
15613,0.19868809691862088,0.2409989235182477
15614,0.19863991520475743,0.24094728118181918
15615,0.1985917339409422,0.24089563839544903
15616,0.19854355312727257,0.24084399515900545
15617,0.1984953727638511,0.24079235147238998
15618,0.19844719285079226,0.2407407073355019
15619,0.19839901338822208,0.24068906274822754
15620,0.1983508343762479,0.24063741771043756
15621,0.19830265581495654,0.24058577222202515
15622,0.19825447770446902,0.2405341262829065
15623,0.19820630004493256,0.24048247989295968
15624,0.19815812283640433,0.24043083305203394
15625,0.19810994607902455,0.2403791857600761
15626,0.1980617697728988,0.2403275380169455
15627,0.19801359391815843,0.24027588982253467
15628,0.19796541851487037,0.24022424117671148
15629,0.19791724356318052,0.24017259207941288
15630,0.19786906906320167,0.2401209425304912
15631,0.19782089501504174,0.2400692925298299
15632,0.19777272141878344,0.24001764207732645
15633,0.1977245482745683,0.2399659911728964
15634,0.19767637558250895,0.23991433981639687
15635,0.19762820334269404,0.2398626880077157
15636,0.19758003155527126,0.23981103574676588
15637,0.1975318602203352,0.23975938303339672
15638,0.19748368933795957,0.23970772986751532
15639,0.1974355189083279,0.23965607624905172
15640,0.197387348931497,0.2396044221778143
15641,0.1973391794076116,0.2395527676537521
15642,0.19729101033677576,0.23950111267671792
15643,0.1972428417190797,0.23944945724660982
15644,0.19719467355465414,0.23939780136333566
15645,0.19714650584360704,0.23934614502676588
15646,0.19709833858605885,0.2392944882367929
15647,0.19705017178213013,0.23924283099329513
15648,0.19700200543190216,0.23919117329615003
15649,0.1969538395355246,0.2391395151452802
15650,0.19690567409311044,0.2390878565405341
15651,0.19685750910471433,0.2390361974817965
15652,0.19680934457052068,0.23898453796901864
15653,0.19676118049058555,0.23893287800200935
15654,0.19671301686506615,0.23888121758071856
15655,0.19666485369404163,0.23882955670498496
15656,0.196616690977661,0.23877789537473137
15657,0.1965685287160196,0.23872623358980638
15658,0.19652036690921515,0.23867457135011638
15659,0.19647220555736655,0.23862290865556568
15660,0.19642404466061902,0.23857124550603304
15661,0.19637588421903962,0.2385195819013718
15662,0.19632772423279965,0.23846791784151777
15663,0.19627956470196006,0.23841625332629535
15664,0.19623140562664687,0.23836458835565022
15665,0.1961832470069813,0.2383129229294514
15666,0.19613508884308395,0.23826125704757883
15667,0.1960869311350545,0.23820959070991155
15668,0.19603877388301794,0.23815792391635082
15669,0.19599061708708743,0.2381062566667721
15670,0.19594246074736832,0.2380545889610598
15671,0.19589430486398052,0.23800292079911012
15672,0.19584614943705014,0.23795125218080526
15673,0.1957979944666668,0.2378995831060141
15674,0.19574983995295459,0.23784791357464952
15675,0.19570168589604475,0.2377962435865908
15676,0.19565353229603266,0.23774457314170006
15677,0.19560537915304388,0.23769290223988715
15678,0.19555722646719642,0.23764123088102374
15679,0.19550907423857455,0.23758955906499268
15680,0.19546092246732238,0.23753788679171062
15681,0.1954127711535616,0.23748621406103265
15682,0.195364620297382,0.23743454087283644
15683,0.19531646989890905,0.23738286722703283
15684,0.1952683199582681,0.2373311931234976
15685,0.19522017047555462,0.2372795185621016
15686,0.19517202145092127,0.23722784354275328
15687,0.19512387288443,0.23717616806529662
15688,0.1950757247762156,0.23712449212967346
15689,0.19502757712643137,0.2370728157357488
15690,0.19497942993513773,0.2370211388833623
15691,0.19493128320250297,0.2369694615724629
15692,0.19488313692858816,0.23691778380287554
15693,0.1948349911135332,0.2368661055745439
15694,0.19478684575748795,0.23681442688732635
15695,0.19473870086050926,0.23676274774106854
15696,0.19469055642275057,0.23671106813572096
15697,0.19464241244432456,0.23665938807112652
15698,0.19459426892533216,0.23660770754717186
15699,0.19454612586591125,0.23655602656375763
15700,0.19449798326614554,0.23650434512074447
15701,0.19444984112619457,0.2364526632180517
15702,0.19440169944614616,0.2364009808555143
15703,0.19435355822612022,0.23634929803304827
15704,0.19430541746621577,0.23629761475053435
15705,0.19425727716658858,0.2362459310078735
15706,0.19420913732733047,0.23619424680490675
15707,0.19416099794857755,0.2361425621415445
15708,0.1941128590304132,0.23609087701764842
15709,0.19406472057296564,0.23603919143313912
15710,0.1940165825763981,0.23598750538788704
15711,0.19396844504075272,0.2359358188817251
15712,0.1939203079661933,0.23588413191461732
15713,0.19387217135283408,0.23583244448639462
15714,0.19382403520077518,0.23578075659694597
15715,0.19377589951016283,0.23572906824617046
15716,0.1937277642810814,0.23567737943391864
15717,0.19367962951366746,0.23562569016011148
15718,0.19363149520801892,0.2355740004246083
15719,0.1935833613642749,0.23552231022731507
15720,0.19353522798256817,0.23547061956808935
15721,0.19348709506297457,0.23541892844679735
15722,0.19343896260564009,0.23536723686336647
15723,0.19339083061066664,0.23531554481764916
15724,0.19334269907819002,0.23526385230954439
15725,0.1932945680083047,0.23521215933891404
15726,0.19324643740113712,0.2351604659056672
15727,0.19319830725682752,0.23510877200967584
15728,0.19315017757547392,0.23505707765079742
15729,0.19310204835719413,0.23500538282893724
15730,0.1930539196021015,0.23495368754397494
15731,0.19300579131034923,0.23490199179580007
15732,0.19295766348201826,0.2348502955842552
15733,0.19290953611722206,0.2347985989092627
15734,0.19286140921610806,0.23474690177070967
15735,0.19281328277878262,0.23469520416844514
15736,0.1927651568053732,0.2346435061023655
15737,0.1927170312959665,0.23459180757234155
15738,0.1926689062507243,0.23454010857829022
15739,0.1926207816697466,0.23448840912004443
15740,0.192572657553165,0.2344367091975077
15741,0.1925245339010484,0.23438500881054514
15742,0.19247641071357546,0.23433330795909457
15743,0.19242828799084954,0.23428160664297026
15744,0.192380165732986,0.23422990486207074
15745,0.19233204394010017,0.2341782026162823
15746,0.19228392261229876,0.23412649990548884
15747,0.19223580174973343,0.23407479672958365
15748,0.1921876813525012,0.23402309308841363
15749,0.19213956142073396,0.23397138898188363
15750,0.19209144195454197,0.23391968440986022
15751,0.19204332295402649,0.23386797937223436
15752,0.19199520441935392,0.23381627386890724
15753,0.19194708635060598,0.23376456789970634
15754,0.19189896874792822,0.23371286146455528
15755,0.191850851611428,0.23366115456330327
15756,0.19180273494122058,0.23360944719584775
15757,0.1917546187374346,0.23355773936207225
15758,0.19170650300018854,0.23350603106184675
15759,0.19165838772961397,0.23345432229505336
15760,0.19161027292580823,0.23340261306156063
15761,0.19156215858889447,0.23335090336127118
15762,0.19151404471902522,0.23329919319406411
15763,0.19146593131627176,0.2332474825597809
15764,0.19141781838080096,0.23319577145835757
15765,0.1913697059127064,0.2331440598896215
15766,0.1913215939121352,0.23309234785348276
15767,0.1912734823791603,0.23304063534979025
15768,0.1912253713139529,0.23298892237847657
15769,0.19117726071659902,0.23293720893936543
15770,0.1911291505872501,0.23288549503237443
15771,0.1910810409260042,0.23283378065734894
15772,0.19103293173299196,0.2327820658141937
15773,0.19098482300833652,0.23273035050277568
15774,0.190936714752159,0.23267863472297268
15775,0.19088860696458387,0.23262691847466355
15776,0.19084049964571292,0.23257520175772373
15777,0.19079239279569304,0.23252348457205307
15778,0.19074428641462782,0.2324717669175025
15779,0.19069618050266623,0.23242004879396905
15780,0.19064807505989223,0.232368330201302
15781,0.1905999700864558,0.23231661113942137
15782,0.19055186558245274,0.23226489160817365
15783,0.1905037615480365,0.23221317160746535
15784,0.19045565798331576,0.2321614511371426
15785,0.190407554888409,0.2321097301970957
15786,0.1903594522634503,0.23205800878720595
15787,0.19031135010855116,0.23200628690733893
15788,0.19026324842383402,0.23195456455738517
15789,0.19021514720942168,0.23190284173722087
15790,0.19016704646546168,0.23185111844672301
15791,0.19011894619203573,0.2317993946857423
15792,0.19007084638929195,0.2317476704542022
15793,0.19002274705733435,0.23169594575195052
15794,0.1899746481963117,0.23164422057888556
15795,0.18992654980632118,0.23159249493485512
15796,0.18987845188752295,0.2315407688197666
15797,0.18983035444000396,0.2314890422334538
15798,0.18978225746390387,0.231437315175836
15799,0.18973416095933315,0.23138558764676798
15800,0.18968606492643525,0.23133385964614395
15801,0.1896379693653083,0.23128213117381813
15802,0.18958987427611873,0.2312304022296935
15803,0.18954177965892327,0.23117867281360127
15804,0.18949368551392132,0.23112694292548874
15805,0.18944559184118404,0.2310752125651503
15806,0.1893974986408572,0.23102348173252063
15807,0.18934940591306582,0.23097175042745144
15808,0.1893013136578937,0.23092001864981604
15809,0.18925322187554183,0.23086828639953805
15810,0.18920513056607313,0.2308165536764052
15811,0.18915703972962672,0.2307648204803625
15812,0.18910894936632971,0.23071308681126956
15813,0.18906085947631213,0.23066135266899823
15814,0.18901277005968165,0.23060961805341795
15815,0.18896468111659015,0.23055788296442248
15816,0.1889165926471359,0.2305061474018575
15817,0.18886850465147131,0.2304544113656286
15818,0.18882041712969744,0.23040267485557797
15819,0.18877233008193406,0.23035093787160943
15820,0.18872424350832495,0.23029920041360252
15821,0.1886761574089939,0.23024746248141037
15822,0.18862807178406338,0.2301957240749114
15823,0.1885799866336575,0.23014398519398316
15824,0.18853190195790048,0.23009224583850085
15825,0.1884838177569056,0.2300405060083407
15826,0.18843573403080915,0.22998876570339033
15827,0.1883876507797585,0.2299370249235122
15828,0.18833956800383655,0.22988528366855743
15829,0.18829148570321375,0.22983354193844685
15830,0.18824340387797212,0.2297817997330065
15831,0.18819532252827353,0.22973005705215632
15832,0.1881472416542238,0.22967831389573268
15833,0.18809916125595072,0.22962657026363176
15834,0.18805108133360693,0.22957482615572433
15835,0.1880030018872646,0.2295230815718582
15836,0.18795492291708815,0.22947133651196217
15837,0.18790684442319605,0.2294195909758705
15838,0.1878587664057303,0.22936784496346574
15839,0.18781068886479912,0.2293160984746042
15840,0.18776261180052467,0.22926435150917734
15841,0.18771453521302706,0.229212604067066
15842,0.18766645910245916,0.22916085614815063
15843,0.18761838346895543,0.22910910775227344
15844,0.187570308312614,0.22905735887930168
15845,0.18752223363354847,0.22900560952913807
15846,0.1874741594319238,0.22895385970167192
15847,0.18742608570785269,0.22890210939673405
15848,0.18737801246145747,0.22885035861421288
15849,0.1873299396928746,0.22879860735398494
15850,0.18728186740221575,0.228746855615916
15851,0.1872337955896386,0.22869510339989363
15852,0.1871857242552355,0.22864335070575836
15853,0.18713765339915223,0.22859159753342106
15854,0.18708958302151413,0.22853984388273363
15855,0.18704151312243755,0.22848808975357027
15856,0.18699344370207838,0.22843633514581796
15857,0.18694537476052164,0.2283845800593154
15858,0.186897306297946,0.2283328244939844
15859,0.18684923831445832,0.2282810684496387
15860,0.1868011708101519,0.22822931192617624
15861,0.1867531037852178,0.22817755492350533
15862,0.18670503723973075,0.2281257974414277
15863,0.18665697117383961,0.22807403947987592
15864,0.18660890558769316,0.22802228103869848
15865,0.18656084048138866,0.2279705221177445
15866,0.18651277585506276,0.22791876271692013
15867,0.18646471170885603,0.22786700283608685
15868,0.18641664804287505,0.22781524247510332
15869,0.18636858485728036,0.22776348163386584
15870,0.18632052215217,0.22771172031220954
15871,0.18627245992768282,0.22765995851004095
15872,0.1862243981839592,0.22760819622721884
15873,0.18617633692112834,0.227556433463603
15874,0.18612827613928684,0.22750467021906295
15875,0.18608021583861856,0.2274529064935059
15876,0.18603215601919953,0.22740114228674202
15877,0.18598409668119276,0.2273493775987001
15878,0.18593603782473733,0.2272976124292161
15879,0.18588797944990043,0.22724584677814796
15880,0.18583992155687523,0.22719408064543578
15881,0.18579186414578275,0.22714231403087815
15882,0.18574380721673145,0.22709054693435782
15883,0.1856957507698609,0.2270387793557671
15884,0.18564769480530352,0.22698701129496357
15885,0.1855996393231567,0.2269352427518171
15886,0.18555158432361551,0.2268834737262323
15887,0.1855035298067682,0.22683170421800736
15888,0.18545547577275578,0.22677993422706
15889,0.18540742222169826,0.22672816375324634
15890,0.18535936915372597,0.22667639279644813
15891,0.18531131656899147,0.22662462135653494
15892,0.1852632644676041,0.22657284943335154
15893,0.1852152128496939,0.22652107702679103
15894,0.18516716171541447,0.22646930413672306
15895,0.185119111064874,0.2264175307629931
15896,0.18507106089820335,0.226365756905494
15897,0.1850230112155531,0.22631398256409618
15898,0.18497496201704666,0.22626220773864314
15899,0.18492691330278954,0.22621043242901873
15900,0.18487886507295637,0.22615865663511403
15901,0.18483081732764517,0.2261068803567522
15902,0.1847827700670086,0.22605510359383907
15903,0.18473472329114493,0.22600332634621945
15904,0.1846866770002369,0.22595154861379974
15905,0.18463863119437118,0.2258997703963902
15906,0.18459058587369948,0.22584799169390868
15907,0.18454254103835321,0.22579621250620152
15908,0.18449449668847162,0.22574443283313883
15909,0.1844464528241625,0.22569265267457972
15910,0.18439840944558739,0.22564087203041816
15911,0.18435036655285542,0.2255890909004895
15912,0.18430232414611614,0.2255373092846884
15913,0.18425428222548879,0.22548552718286274
15914,0.18420624079111048,0.22543374459489507
15915,0.1841581998431029,0.22538196152064538
15916,0.18411015938162356,0.22533017795999755
15917,0.18406211940679162,0.22527839391278714
15918,0.18401407991874463,0.22522660937889916
15919,0.18396604091760127,0.22517482435819358
15920,0.1839180024035093,0.22512303885055485
15921,0.18386996437658676,0.22507125285583252
15922,0.18382192683698062,0.2250194663739108
15923,0.1837738897848189,0.22496767940464046
15924,0.18372585322025015,0.22491589194789452
15925,0.18367781714336795,0.2248641040035234
15926,0.18362978155435217,0.22481231557143666
15927,0.18358174645329717,0.22476052665144963
15928,0.18353371184038103,0.22470873724347284
15929,0.18348567771568747,0.22465694734732222
15930,0.18343764407937369,0.22460515696292094
15931,0.18338961093158512,0.22455336609010923
15932,0.18334157827245712,0.22450157472873822
15933,0.18329354610208148,0.22444978287867434
15934,0.18324551442064707,0.2243979905398289
15935,0.1831974832282559,0.22434619771200814
15936,0.18314945252503168,0.22429440439511417
15937,0.18310142231114945,0.2242426105890244
15938,0.18305339258672015,0.22419081629355753
15939,0.1830053633518689,0.22413902150860543
15940,0.18295733460674646,0.2240872262340452
15941,0.18290930635146574,0.22403543046972363
15942,0.18286127858620016,0.2239836342155307
15943,0.1828132513110492,0.22393183747128864
15944,0.18276522452616506,0.2238800402369011
15945,0.18271719823167776,0.22382824251221511
15946,0.18266917242771907,0.22377644429709942
15947,0.18262114711443722,0.22372464559142557
15948,0.18257312229195177,0.2236728463950407
15949,0.1825250979604034,0.2236210467078278
15950,0.18247707411994118,0.22356924652964683
15951,0.18242905077067006,0.22351744586034672
15952,0.18238102791275135,0.2234656446998251
15953,0.18233300554631138,0.223413843047918
15954,0.1822849836715077,0.22336204090450085
15955,0.18223696228843567,0.2233102382694132
15956,0.1821889413972515,0.22325843514256472
15957,0.1821409209981122,0.22320663152379583
15958,0.18209290109111098,0.22315482741294757
15959,0.18204488167642452,0.22310302280993155
15960,0.1819968627541544,0.22305121771456726
15961,0.18194884432446745,0.22299941212675545
15962,0.18190082638748406,0.2229476060463279
15963,0.18185280894334888,0.22289579947316396
15964,0.18180479199219302,0.22284399240711983
15965,0.18175677553414715,0.22279218484806418
15966,0.1817087595693645,0.222740376795866
15967,0.18166074409796373,0.2226885682503721
15968,0.18161272912008497,0.22263675921146486
15969,0.18156471463587787,0.22258494967900377
15970,0.18151670064548342,0.22253313965283728
15971,0.18146868714901498,0.22248132913282592
15972,0.18142067414662455,0.22242951811885525
15973,0.18137266163844734,0.22237770661077605
15974,0.18132464962461992,0.22232589460845065
15975,0.18127663810528838,0.2222740821117435
15976,0.1812286270805883,0.2222222691205067
15977,0.18118061655064288,0.2221704556346057
15978,0.1811326065155976,0.22211864165391804
15979,0.18108459697560542,0.22206682717829862
15980,0.18103658793078803,0.22201501220759245
15981,0.18098857938129886,0.22196319674167753
15982,0.18094057132723773,0.2219113807804013
15983,0.18089256376878693,0.2218595643236675
15984,0.18084455670606592,0.2218077473712894
15985,0.18079655013922302,0.22175592992314863
15986,0.18074854406836793,0.221704111979095
15987,0.18070053849367862,0.2216522935390246
15988,0.1806525334152722,0.22160047460275323
15989,0.1806045288332948,0.22154865517016675
15990,0.18055652474787076,0.22149683524111785
15991,0.18050852115915839,0.22144501481548196
15992,0.1804605180672797,0.22139319389310275
15993,0.18041251547239945,0.22134137247385777
15994,0.18036451337462922,0.22128955055757882
15995,0.18031651177412267,0.2212377281441582
15996,0.18026851067102923,0.22118590523344184
15997,0.18022051006545003,0.22113408182527572
15998,0.18017250995757594,0.2210822579195667
15999,0.18012451034750387,0.22103043351611584
16000,0.18007651123538215,0.2209786086148322
16001,0.18002851262138997,0.22092678321556536
16002,0.17998051450560182,0.22087495731813278
16003,0.17993251688820378,0.22082313092246697
16004,0.17988451976934183,0.2207713040283762
16005,0.17983652314912868,0.22071947663571423
16006,0.17978852702771841,0.2206676487443714
16007,0.17974053140523072,0.22061582035419292
16008,0.1796925362818298,0.22056399146505945
16009,0.1796445416576653,0.22051216207680624
16010,0.1795965475328667,0.2204603321892803
16011,0.17954855390756297,0.22040850180235416
16012,0.1795005607818908,0.2203566709159026
16013,0.1794525681560193,0.22030483952978652
16014,0.17940457603005067,0.22025300764383504
16015,0.1793565844041849,0.22020117525794847
16016,0.1793085932785019,0.22014934237192252
16017,0.17926060265317778,0.2200975089856826
16018,0.17921261252834253,0.22004567509905004
16019,0.17916462290413893,0.2199938407118942
16020,0.17911663378070597,0.21994200582407408
16021,0.17906864515819465,0.21989017043544923
16022,0.1790206570367432,0.21983833454586876
16023,0.17897266941648737,0.21978649815519558
16024,0.17892468229758451,0.21973466126329233
16025,0.17887669568016007,0.21968282387000093
16026,0.17882870956434826,0.2196309859751986
16027,0.1787807239503224,0.2195791475787514
16028,0.17873273883819474,0.21952730868048165
16029,0.17868475422813768,0.21947546928028194
16030,0.17863677012026002,0.21942362937797588
16031,0.17858878651473065,0.219371788973459
16032,0.17854080341166845,0.2193199480665573
16033,0.17849282081122986,0.2192681066571568
16034,0.17844483871358352,0.21921626474509792
16035,0.17839685711883024,0.21916442233021138
16036,0.178348876027126,0.21911257941239892
16037,0.17830089543863425,0.21906073599150366
16038,0.17825291535347443,0.2190088920673603
16039,0.1782049357717772,0.21895704763985124
16040,0.1781569566937341,0.21890520270884795
16041,0.17810897811944093,0.2188533572741529
16042,0.17806100004907643,0.21880151133567638
16043,0.17801302248275486,0.2187496648932351
16044,0.1779650454206423,0.2186978179467185
16045,0.1779170688628715,0.21864597049595735
16046,0.17786909280959584,0.21859412254082045
16047,0.17782111726095562,0.21854227408115423
16048,0.17777314221708007,0.21849042511681682
16049,0.17772516767812896,0.218438575647682
16050,0.17767719364425028,0.21838672567358786
16051,0.1776292201155797,0.2183348751943862
16052,0.1775812470922633,0.2182830242099426
16053,0.17753327457444346,0.21823117272011072
16054,0.17748530256227413,0.21817932072474755
16055,0.17743733105588455,0.21812746822369922
16056,0.17738936005543826,0.21807561521683616
16057,0.17734138956108192,0.21802376170399584
16058,0.17729341957292244,0.2179719076850285
16059,0.177245450091138,0.21792005315983332
16060,0.17719748111588285,0.21786819812822866
16061,0.17714951264726975,0.2178163425900571
16062,0.17710154468548245,0.21776448654521097
16063,0.1770535772306424,0.21771262999350183
16064,0.17700561028288697,0.21766077293481256
16065,0.17695764384238633,0.21760891536900362
16066,0.17690967790927847,0.2175570572959038
16067,0.17686171248368554,0.217505198715377
16068,0.17681374756578572,0.21745333962730118
16069,0.17676578315569969,0.21740148003149662
16070,0.1767178192535901,0.21734961992784496
16071,0.17666985585962747,0.21729775931618167
16072,0.17662189297389874,0.2172458981963329
16073,0.1765739305966033,0.217194036568219
16074,0.1765259687278452,0.21714217443163397
16075,0.17647800736781116,0.21709031178647908
16076,0.17643004651662308,0.21703844863256316
16077,0.17638208617443274,0.21698658496976697
16078,0.17633412634139045,0.2169347207979384
16079,0.1762861670176452,0.21688285611692615
16080,0.17623820820333302,0.2168309909265811
16081,0.17619024989861154,0.2167791252267678
16082,0.17614229210362453,0.2167272590173288
16083,0.17609433481851366,0.21667539229812094
16084,0.17604637804344292,0.21662352506900096
16085,0.17599842177855995,0.21657165732980588
16086,0.1759504660239828,0.21651978908038572
16087,0.17590251077989072,0.21646792032062567
16088,0.17585455604641653,0.216416051050346
16089,0.17580660182371544,0.21636418126941193
16090,0.1757586481119392,0.21631231097766968
16091,0.17571069491120783,0.21626044017496548
16092,0.17566274222171163,0.21620856886118422
16093,0.17561479004357683,0.2161566970361296
16094,0.17556683837693932,0.21610482469967773
16095,0.17551888722196374,0.21605295185169449
16096,0.1754709365788042,0.21600107849201322
16097,0.1754229864475988,0.2159492046204804
16098,0.17537503682848987,0.21589733023695634
16099,0.17532708772165373,0.2158454553413034
16100,0.17527913912720727,0.2157935799333386
16101,0.17523119104533436,0.215741704012951
16102,0.17518324347614833,0.2156898275799507
16103,0.17513529641982006,0.2156379506342304
16104,0.17508734987648922,0.21558607317561518
16105,0.17503940384631367,0.21553419520396777
16106,0.17499145832944984,0.21548231671912832
16107,0.17494351332602154,0.21543043772093995
16108,0.17489556883619173,0.21537855820928187
16109,0.17484762486012229,0.21532667818398965
16110,0.17479968139795177,0.2152747976449001
16111,0.1747517384498376,0.2152229165918761
16112,0.1747037960159158,0.2151710350247581
16113,0.17465585409635032,0.21511915294341333
16114,0.17460791269129483,0.21506727034767514
16115,0.1745599718008778,0.21501538723739078
16116,0.17451203142527905,0.21496350361243333
16117,0.17446409156462506,0.2149116194726194
16118,0.17441615221907147,0.21485973481782494
16119,0.17436821338878128,0.21480784964789568
16120,0.17432027507389602,0.21475596396266483
16121,0.17427233727457647,0.21470407776199285
16122,0.17422439999096917,0.21465219104571842
16123,0.17417646322319946,0.21460030381369521
16124,0.17412852697146453,0.2145484160658
16125,0.17408059123588315,0.21449652780183248
16126,0.17403265601662887,0.21444463902167443
16127,0.1739847213138278,0.21439274972515243
16128,0.17393678712764749,0.2143408599121417
16129,0.17388885345824434,0.21428896958247368
16130,0.17384092030575893,0.21423707873599218
16131,0.173792987670363,0.21418518737255665
16132,0.173745055552185,0.21413329549199245
16133,0.1736971239513938,0.21408140309417423
16134,0.17364919286812275,0.214029510178933
16135,0.17360126230254602,0.2139776167461359
16136,0.1735533322548044,0.21392572279560707
16137,0.17350540272503667,0.2138738283272058
16138,0.17345747371344267,0.21382193334079624
16139,0.1734095452201243,0.2137700378361732
16140,0.17336161724525634,0.21371814181323934
16141,0.1733136897890012,0.21366624527181788
16142,0.17326576285149664,0.2136143482117463
16143,0.17321783643289967,0.21356245063288715
16144,0.17316991053337794,0.2135105525350831
16145,0.17312198515305122,0.21345865391816665
16146,0.17307406029211347,0.21340675478201987
16147,0.1730261359506915,0.21335485512644536
16148,0.17297821212894393,0.21330295495131724
16149,0.172930288827025,0.21325105425647928
16150,0.1728823660450881,0.21319915304177517
16151,0.17283444378330304,0.21314725130705325
16152,0.17278652204180855,0.2130953490521399
16153,0.1727386008207632,0.21304344627689853
16154,0.17269068012031819,0.21299154298117262
16155,0.17264275994062794,0.21293963916480785
16156,0.17259484028185068,0.212887734827652
16157,0.17254692114413683,0.2128358299695441
16158,0.1724990025276496,0.212783924590338
16159,0.17245108443255586,0.2127320186898649
16160,0.17240316685896184,0.2126801122679609
16161,0.1723552498070725,0.2126282053245213
16162,0.17230733327701042,0.21257629785934018
16163,0.17225941726897376,0.21252438987229394
16164,0.17221150178306233,0.2124724813631822
16165,0.1721635868194793,0.21242057233191025
16166,0.17211567237835013,0.21236866277827127
16167,0.17206775845984146,0.21231675270214068
16168,0.17201984506409695,0.21226484210335184
16169,0.17197193219130935,0.21221293098176308
16170,0.171924019841607,0.21216101933717646
16171,0.17187610801512432,0.21210910716946763
16172,0.1718281967120694,0.21205719447850335
16173,0.1717802859325619,0.21200528126407148
16174,0.17173237567676225,0.21195336752605398
16175,0.17168446594482867,0.211901453264292
16176,0.17163655673692524,0.21184953847862686
16177,0.17158864805320584,0.21179762316889206
16178,0.17154073989383145,0.21174570733493558
16179,0.17149283225894907,0.21169379097659646
16180,0.17144492514873477,0.2116418740937277
16181,0.1713970185633119,0.21158995668615033
16182,0.17134911250287166,0.21153803875374666
16183,0.17130120696755258,0.2114861202963202
16184,0.1712533019575211,0.21143420131373514
16185,0.17120539747294072,0.21138228180582475
16186,0.17115749351394172,0.21133036177242281
16187,0.17110959008071536,0.2112784412134031
16188,0.171061687173386,0.21122652012857157
16189,0.17101378479213836,0.21117459851780684
16190,0.170965882937135,0.21112267638092064
16191,0.17091798160851335,0.21107075371775041
16192,0.1708700808064303,0.2110188305281614
16193,0.17082218053106069,0.2109669068119958
16194,0.17077428078256518,0.2109149825690778
16195,0.17072638156108444,0.2108630577992454
16196,0.170678482866793,0.21081113250236283
16197,0.17063058469983583,0.21075920667825
16198,0.1705826870603948,0.21070728032676633
16199,0.17053478994859694,0.21065535344772512
16200,0.17048689336462108,0.2106034260410038
16201,0.17043899730862866,0.21055149810642282
16202,0.17039110178077244,0.21049956964381766
16203,0.17034320678121018,0.21044764065303856
16204,0.17029531231009853,0.21039571113392674
16205,0.17024741836762058,0.21034378108632734
16206,0.17019952495391666,0.21029185051005306
16207,0.1701516320691444,0.21023991940496556
16208,0.1701037397134597,0.21018798777090775
16209,0.17005584788705808,0.21013605560772453
16210,0.1700079565900552,0.2100841229152185
16211,0.16996006582263035,0.21003218969327475
16212,0.16991217558494964,0.209980255941714
16213,0.16986428587716296,0.20992832166037023
16214,0.16981639669943027,0.20987638684909293
16215,0.1697685080519199,0.20982445150772333
16216,0.16972061993480425,0.209772515636093
16217,0.16967273234822533,0.20972057923402643
16218,0.169624845292361,0.2096686423013856
16219,0.16957695876734735,0.20961670483798867
16220,0.16952907277335572,0.20956476684370462
16221,0.1694811873105595,0.2095128283183575
16222,0.1694333023791026,0.20946088926177708
16223,0.16938541797916207,0.20940894967381707
16224,0.16933753411090002,0.2093570095543017
16225,0.16928965077446245,0.20930506890306877
16226,0.16924176797003898,0.20925312771997073
16227,0.1691938856977615,0.20920118600481796
16228,0.16914600395779933,0.20914924375748223
16229,0.16909812275032232,0.20909730097779078
16230,0.1690502420755048,0.20904535766557608
16231,0.1690023619334975,0.20899341382065983
16232,0.16895448232443933,0.20894146944289282
16233,0.1689066032485289,0.20888952453213971
16234,0.16885872470591667,0.2088375790881991
16235,0.1688108466967645,0.20878563311091858
16236,0.16876296922121958,0.2087336866001389
16237,0.168715092279476,0.20868173955571478
16238,0.168667215871675,0.2086297919774467
16239,0.16861933999798628,0.2085778438651964
16240,0.16857146465859563,0.2085258952187946
16241,0.16852358985361304,0.20847394603805314
16242,0.16847571558325125,0.20842199632286607
16243,0.1684278418476557,0.20837004607301668
16244,0.16837996864698002,0.2083180952883611
16245,0.1683320959814143,0.20826614396874743
16246,0.1682842238510972,0.20821419211398062
16247,0.16823635225621314,0.20816223972392744
16248,0.16818848119692398,0.20811028679840005
16249,0.16814061067337627,0.2080583333372369
16250,0.1680927406857482,0.2080063793402921
16251,0.16804487123419953,0.20795442480738902
16252,0.1679970023189017,0.20790246973836557
16253,0.16794913393999944,0.2078505141330511
16254,0.16790126609770695,0.2077985579913022
16255,0.16785339879214367,0.20774660131289946
16256,0.16780553202347526,0.20769464409772898
16257,0.167757665791897,0.207642686345624
16258,0.16770980009753933,0.20759072805638634
16259,0.16766193494059856,0.20753876922989123
16260,0.1676140703212402,0.20748680986593548
16261,0.16756620623959373,0.20743484996435613
16262,0.1675183426958582,0.2073828895250266
16263,0.16747047969019824,0.2073309285477447
16264,0.16742261722275487,0.2072789670323456
16265,0.16737475529372614,0.2072270049786924
16266,0.16732689390326716,0.20717504238658058
16267,0.16727903305154046,0.20712307925585816
16268,0.16723117273870347,0.20707111558636304
16269,0.16718331296494204,0.20701915137793914
16270,0.1671354537304074,0.20696718663039748
16271,0.16708759503527915,0.20691522134358853
16272,0.16703973687973217,0.2068632555173321
16273,0.1669918792638876,0.2068112891514513
16274,0.16694402218797666,0.2067593222458306
16275,0.16689616565212329,0.2067073548002325
16276,0.16684830965650854,0.20665538681453788
16277,0.1668004542012933,0.20660341828856177
16278,0.16675259928666064,0.20655144922214697
16279,0.166704744912765,0.20649947961510562
16280,0.16665689107976245,0.20644750946728863
16281,0.1666090377878504,0.20639553877853745
16282,0.16656118503720074,0.20634356754865335
16283,0.16651333282795067,0.20629159577746425
16284,0.16646548116026416,0.20623962346483582
16285,0.1664176300343455,0.20618765061060318
16286,0.1663697794503518,0.20613567721456028
16287,0.16632192940843749,0.20608370327655
16288,0.1662740799087734,0.2060317287964205
16289,0.16622623095154743,0.20597975377399969
16290,0.16617838253691553,0.2059277782090969
16291,0.16613053466503558,0.2058758021015602
16292,0.166082687336097,0.20582382545123035
16293,0.16603484055026274,0.20577184825791628
16294,0.16598699430770403,0.20571987052145635
16295,0.16593914860858638,0.2056678922416797
16296,0.165891303453083,0.20561591341841956
16297,0.16584345884136353,0.20556393405150342
16298,0.16579561477358462,0.20551195414076107
16299,0.16574777124992823,0.2054599736860383
16300,0.16569992827059377,0.20540799268715104
16301,0.16565208583569546,0.20535601114389657
16302,0.16560424394543494,0.2053040290561674
16303,0.1655564025999703,0.20525204642375705
16304,0.1655085617994969,0.20520006324651008
16305,0.16546072154416436,0.20514807952422853
16306,0.16541288183415004,0.2050960952567641
16307,0.1653650426696176,0.2050441104439391
16308,0.16531720405074635,0.2049921250855914
16309,0.16526936597771225,0.20494013918153986
16310,0.1652215284506683,0.20488815273160776
16311,0.16517369146981142,0.20483616573564611
16312,0.16512585503528876,0.2047841781934514
16313,0.16507801914729936,0.20473219010488364
16314,0.16503018380600298,0.20468020146973653
16315,0.16498234901153996,0.20462821228785544
16316,0.16493451476412235,0.20457622255910013
16317,0.1648866810639169,0.2045242322832561
16318,0.16483884791108427,0.20447224146015763
16319,0.1647910153058132,0.20442025008964382
16320,0.16474318324825787,0.20436825817152426
16321,0.16469535173860228,0.20431626570564665
16322,0.16464752077700906,0.20426427269182856
16323,0.16459969036365307,0.20421227912990414
16324,0.16455186049872528,0.2041602850197004
16325,0.16450403118237877,0.2041082903610253
16326,0.16445620241479653,0.2040562951537258
16327,0.16440837419614573,0.20400429939761955
16328,0.16436054652660037,0.2039523030925393
16329,0.16431271940635006,0.203900306238312
16330,0.164264892835551,0.20384830883474425
16331,0.16421706681438408,0.2037963108816836
16332,0.16416924134300936,0.2037443123789462
16333,0.16412141642162958,0.2036923133263766
16334,0.16407359205038463,0.20364031372376679
16335,0.16402576822948167,0.2035883135709805
16336,0.1639779449590617,0.20353631286780793
16337,0.16393012223934478,0.20348431161411096
16338,0.1638823000704719,0.20343230980966553
16339,0.16383447845261623,0.20338030745433178
16340,0.16378665738596232,0.20332830454794038
16341,0.16373883687068314,0.20327630109030304
16342,0.16369101690696541,0.20322429708124834
16343,0.16364319749497347,0.20317229252058744
16344,0.1635953786348774,0.2031202874081569
16345,0.16354756032686357,0.203068281743788
16346,0.16349974257110178,0.20301627552729418
16347,0.16345192536777164,0.20296426875850304
16348,0.16340410871703492,0.20291226143723817
16349,0.16335629261909135,0.20286025356333692
16350,0.16330847707409557,0.20280824513659734
16351,0.16326066208226053,0.20275623615686722
16352,0.16321284764371025,0.20270422662393084
16353,0.16316503375865876,0.20265221653766807
16354,0.16311722042727494,0.20260020589786165
16355,0.1630694076497109,0.2025481947043437
16356,0.16302159542617856,0.20249618295696392
16357,0.16297378375684268,0.20244417065550724
16358,0.16292597264188569,0.20239215779980935
16359,0.16287816208147365,0.20234014438968928
16360,0.16283035207576968,0.20228813042497995
16361,0.1627825426250029,0.20223611590552115
16362,0.1627347337292876,0.20218410083107663
16363,0.1626869253888532,0.2021320852015409
16364,0.16263911760385696,0.20208006901667674
16365,0.16259131037446894,0.20202805227633125
16366,0.16254350370087667,0.20197603498033367
16367,0.16249569758326343,0.20192401712849628
16368,0.16244789202178678,0.201871998720635
16369,0.1624000870166502,0.20181997975659427
16370,0.1623522825680055,0.2017679602361666
16371,0.162304478676076,0.2017159401592068
16372,0.16225667534098298,0.20166391952548246
16373,0.1622088725629539,0.2016118983348807
16374,0.162161070342139,0.201559876587169
16375,0.16211326867873854,0.20150785428219875
16376,0.16206546757291262,0.2014558314197703
16377,0.16201766702486187,0.20140380799972257
16378,0.16196986703473948,0.20135178402185316
16379,0.16192206760274508,0.20129975948601275
16380,0.16187426872905464,0.2012477343919984
16381,0.16182647041383835,0.20119570873963533
16382,0.16177867265728196,0.20114368252875459
16383,0.1617308754595781,0.20109165575916865
16384,0.16168307882089294,0.2010396284306848
16385,0.16163528274140915,0.20098760054313702
16386,0.16158748722131566,0.2009355720963435
16387,0.16153969226077458,0.20088354309011525
16388,0.16149189785998486,0.20083151352428974
16389,0.16144410401914056,0.20077948339866736
16390,0.1613963107383718,0.20072745271305215
16391,0.16134851801791328,0.20067542146731998
16392,0.16130072585791533,0.20062338966123017
16393,0.16125293425858345,0.20057135729463615
16394,0.1612051432200683,0.2005193243673291
16395,0.1611573527425867,0.2004672908791616
16396,0.1611095628262894,0.200415256829914
16397,0.16106177347138395,0.2003632222194376
16398,0.16101398467803207,0.2003111870475227
16399,0.1609661964464213,0.2002591513140094
16400,0.16091840877675545,0.2002071150187099
16401,0.16087062166917043,0.20015507816141875
16402,0.1608228351238904,0.20010304074200425
16403,0.16077504914109397,0.20005100276023724
16404,0.1607272637209446,0.19999896421593988
16405,0.16067947886364076,0.19994692510895118
16406,0.1606316945693569,0.19989488543907064
16407,0.1605839108382825,0.19984284520612505
16408,0.16053612767060121,0.1997908044099247
16409,0.160488345066492,0.1997387630502846
16410,0.16044056302614018,0.19968672112702668
16411,0.1603927815497359,0.19963467863996542
16412,0.16034500063745405,0.1995826355889102
16413,0.1602972202894838,0.19953059197368794
16414,0.16024944050600998,0.1994785477941069
16415,0.16020166128721358,0.19942650304998266
16416,0.16015388263325936,0.19937445774113594
16417,0.16010610454437857,0.19932241186740263
16418,0.16005832702072476,0.19927036542854792
16419,0.16001055006249976,0.19921831842441995
16420,0.15996277366984835,0.19916627085481575
16421,0.15991499784300056,0.19911422271959522
16422,0.15986722258213149,0.19906217401852266
16423,0.15981944788741242,0.1990101247514241
16424,0.15977167375903822,0.19895807491813045
16425,0.15972390019719895,0.19890602451844575
16426,0.1596761272020697,0.1988539735521785
16427,0.1596283547738413,0.19880192201915514
16428,0.15958058291270805,0.19874986991918497
16429,0.15953281161883925,0.19869781725207258
16430,0.15948504089244175,0.19864576401764877
16431,0.15943727073367264,0.19859371021570682
16432,0.15938950114274897,0.19854165584609107
16433,0.15934173211982894,0.1984896009085826
16434,0.15929396366513626,0.19843754540302594
16435,0.15924619577884047,0.1983854893291912
16436,0.15919842846109633,0.19833343268691217
16437,0.15915066171214187,0.1982813754760394
16438,0.15910289553213985,0.19822931769632657
16439,0.15905512992128024,0.19817725934761488
16440,0.1590073648797441,0.19812520042971415
16441,0.15895960040772983,0.19807314094244333
16442,0.15891183650543117,0.19802108088560189
16443,0.15886407317301454,0.19796902025899765
16444,0.158816310410682,0.19791695906246576
16445,0.1587685482186194,0.19786489729580237
16446,0.15872078659701994,0.19781283495882152
16447,0.15867302554606744,0.19776077205133036
16448,0.15862526506593488,0.19770870857314415
16449,0.15857750515683522,0.19765664452409382
16450,0.15852974581897006,0.19760457990396052
16451,0.15848198705248417,0.19755251471254287
16452,0.15843422885759617,0.19750044894970264
16453,0.15838647123449923,0.19744838261521602
16454,0.15833871418337353,0.19739631570888838
16455,0.15829095770439028,0.19734424823054308
16456,0.15824320179777807,0.19729218018000927
16457,0.15819544646368788,0.1972401115570548
16458,0.15814769170233922,0.1971880423615311
16459,0.1580999375138996,0.19713597259321958
16460,0.15805218389858633,0.19708390225195072
16461,0.15800443085658034,0.19703183133750546
16462,0.1579566783880355,0.1969797598497054
16463,0.157908926493191,0.19692768778839964
16464,0.15786117517223008,0.19687561515334406
16465,0.15781342442532043,0.1968235419443548
16466,0.15776567425267574,0.1967714681612669
16467,0.15771792465445222,0.19671939380386594
16468,0.15767017563090135,0.1966673188719985
16469,0.1576224271821587,0.19661524336540637
16470,0.15757467930844304,0.19656316728396073
16471,0.1575269320099414,0.1965110906274372
16472,0.15747918528683158,0.1964590133956533
16473,0.1574314391393451,0.19640693558843092
16474,0.1573836935676307,0.19635485720553214
16475,0.1573359485719107,0.1963027782468153
16476,0.15728820415235023,0.1962506987120548
16477,0.15724046030916994,0.19619861860108745
16478,0.1571927170425338,0.1961465379136904
16479,0.15714497435266128,0.1960944566497016
16480,0.15709723223971583,0.19604237480889908
16481,0.1570494907039245,0.19599029239112387
16482,0.15700174974546866,0.19593820939614326
16483,0.15695400936452486,0.1958861258237784
16484,0.1569062695613217,0.19583404167385488
16485,0.15685853033599417,0.1957819569461383
16486,0.1568107916888204,0.1957298716405016
16487,0.1567630536199034,0.1956777857566564
16488,0.15671531612950973,0.1956256992945109
16489,0.15666757921779895,0.1955736122537901
16490,0.15661984288495778,0.19552152463433747
16491,0.15657210713120295,0.19546943643596837
16492,0.15652437195673063,0.19541734765846142
16493,0.1564766373617148,0.1953652583016241
16494,0.15642890334635817,0.19531316836528034
16495,0.1563811699108657,0.19526107784922897
16496,0.15633343705543679,0.19520898675326337
16497,0.1562857047802244,0.1951568950771836
16498,0.15623797308547682,0.19510480282084086
16499,0.15619024197136389,0.1950527099839824
16500,0.156142511438092,0.19500061656643963
16501,0.1560947814858502,0.1949485225680061
16502,0.15604705211482128,0.19489642798849316
16503,0.1559993233252328,0.19484433282771907
16504,0.15595159511725543,0.194792237085453
16505,0.15590386749110408,0.19474014076152713
16506,0.15585614044694807,0.19468804385572425
16507,0.15580841398501977,0.1946359463678783
16508,0.15576068810546617,0.19458384829775255
16509,0.15571296280855795,0.19453174964520592
16510,0.15566523809442845,0.19447965040995985
16511,0.15561751396329637,0.1944275505918871
16512,0.15556979041536423,0.19437545019076674
16513,0.1555220674508262,0.19432334920639682
16514,0.1554743450698638,0.19427124763858117
16515,0.15542662327270929,0.1942191454871427
16516,0.1553789020595301,0.19416704275184338
16517,0.1553311814305468,0.19411493943252012
16518,0.15528346138594407,0.19406283552894998
16519,0.15523574192593026,0.19401073104094857
16520,0.15518802305067658,0.19395862596830749
16521,0.15514030476042073,0.1939065203108573
16522,0.1550925870553208,0.19385441406835802
16523,0.1550448699356196,0.19380230724065517
16524,0.15499715340149334,0.1937501998275002
16525,0.15494943745313383,0.1936980918287191
16526,0.15490172209075403,0.19364598324412208
16527,0.1548540073145419,0.1935938740734945
16528,0.15480629312472816,0.1935417643166497
16529,0.15475857952145788,0.19348965397335238
16530,0.15471086650497912,0.19343754304346472
16531,0.1546631540754746,0.1933854315267327
16532,0.15461544223314794,0.1933333194229765
16533,0.1545677309781901,0.19328120673199
16534,0.15452002031081113,0.19322909345358608
16535,0.15447231023121,0.19317697958754965
16536,0.15442460073958286,0.19312486513368687
16537,0.15437689183614522,0.19307275009179792
16538,0.1543291835210816,0.19302063446166828
16539,0.15428147579459228,0.192968518243113
16540,0.1542337686569114,0.1929164014359338
16541,0.1541860621081842,0.1928642840398921
16542,0.15413835614866134,0.19281216605484863
16543,0.15409065077853568,0.19276004748054765
16544,0.15404294599797475,0.19270792831679706
16545,0.15399524180722812,0.19265580856343334
16546,0.15394753820646945,0.19260368822020157
16547,0.1538998351959251,0.19255156728693135
16548,0.15385213277575627,0.19249944576339273
16549,0.15380443094620444,0.1924473236494313
16550,0.15375672970744825,0.19239520094479812
16551,0.1537090290597256,0.19234307764932002
16552,0.15366132900318152,0.19229095376275274
16553,0.1536136295380809,0.19223882928496006
16554,0.1535659306646049,0.1921867042156684
16555,0.15351823238292484,0.19213457855470006
16556,0.15347053469329808,0.1920824523018867
16557,0.15342283759588282,0.19203032545696552
16558,0.1533751410909221,0.1919781980197829
16559,0.15332744517858155,0.19192606999009132
16560,0.1532797498591092,0.19187394136773084
16561,0.15323205513265692,0.19182181215244642
16562,0.1531843609994905,0.19176968234409297
16563,0.1531366674597764,0.19171755194239815
16564,0.15308897451370784,0.1916654209471984
16565,0.15304128216151724,0.19161328935830468
16566,0.15299359040340188,0.19156115717547906
16567,0.1529458992395729,0.19150902439852469
16568,0.15289820867021364,0.1914568910272314
16569,0.15285051869556932,0.19140475706141846
16570,0.15280282931580902,0.1913526225008345
16571,0.1527551405311467,0.1913004873453149
16572,0.15270745234181649,0.19124835159464615
16573,0.1526597647479665,0.1911962152485901
16574,0.15261207774986785,0.19114407830700497
16575,0.15256439134768462,0.19109194076961245
16576,0.15251670554164343,0.19103980263625364
16577,0.15246902033195464,0.19098766390669852
16578,0.15242133571880134,0.1909355245807376
16579,0.15237365170241712,0.19088338465819066
16580,0.15232596828298228,0.19083124413881924
16581,0.1522782854607364,0.19077910302244805
16582,0.15223060323585536,0.19072696130883127
16583,0.15218292160858415,0.19067481899780037
16584,0.15213524057910421,0.19062267608910233
16585,0.1520875601476257,0.19057053258256162
16586,0.15203988031435534,0.19051838847796543
16587,0.15199220107951072,0.19046624377510857
16588,0.15194452244328316,0.19041409847377289
16589,0.15189684440591456,0.19036195257376876
16590,0.1518491669675911,0.19030980607484926
16591,0.15180149012852207,0.19025765897683133
16592,0.15175381388892817,0.1902055112795057
16593,0.15170613824899437,0.19015336298265018
16594,0.15165846320896592,0.1901012140860835
16595,0.15161078876900336,0.19004906458955428
16596,0.15156311492937757,0.18999691449291
16597,0.15151544169023334,0.18994476379587066
16598,0.15146776905184867,0.18989261249829992
16599,0.15142009701440073,0.18984046059991255
16600,0.15137242557807473,0.1897883081005336
16601,0.15132475474311313,0.18973615499998264
16602,0.1512770845097231,0.1896840012980121
16603,0.15122941487812414,0.18963184699441515
16604,0.15118174584851063,0.18957969208897085
16605,0.1511340774210852,0.1895275365814889
16606,0.15108640959608433,0.18947538047176637
16607,0.15103874237370873,0.18942322375956222
16608,0.15099107575416015,0.18937106644467883
16609,0.15094340973767328,0.18931890852691535
16610,0.15089574432443398,0.18926675000603488
16611,0.1508480795146816,0.1892145908818531
16612,0.1508004153086172,0.18916243115412823
16613,0.15075275170641533,0.18911027082266052
16614,0.1507050887083622,0.18905810988727978
16615,0.15065742631462498,0.1890059483476917
16616,0.15060976452541552,0.18895378620373282
16617,0.15056210334095665,0.18890162345519323
16618,0.15051444276146397,0.1888494601018479
16619,0.1504667827871441,0.1887972961434814
16620,0.15041912341822627,0.18874513157988781
16621,0.1503714646548947,0.18869296641083433
16622,0.15032380649739274,0.18864080063614352
16623,0.1502761489459249,0.1885886342555667
16624,0.1502284920006921,0.18853646726889917
16625,0.15018083566193263,0.18848429967594327
16626,0.15013317992984276,0.18843213147645643
16627,0.150085524804644,0.18837996267024737
16628,0.15003787028654536,0.18832779325709004
16629,0.1499902163757758,0.1882756232367786
16630,0.14994256307254572,0.18822345260908213
16631,0.1498949103770595,0.18817128137378902
16632,0.14984725828953194,0.18811910953069844
16633,0.14979960681019044,0.18806693707959377
16634,0.14975195593925483,0.1880147640202472
16635,0.1497043056769254,0.187962590352439
16636,0.14965665602343703,0.1879104160759688
16637,0.1496090069789836,0.18785824119060124
16638,0.14956135854379393,0.18780606569614333
16639,0.14951371071808628,0.18775388959236694
16640,0.14946606350208158,0.18770171287905169
16641,0.14941841689598423,0.1876495355559764
16642,0.1493707709000177,0.1875973576229395
16643,0.14932312551440918,0.18754517907971513
16644,0.14927548073934904,0.18749299992607493
16645,0.1492278365750861,0.18744082016183417
16646,0.14918019302183194,0.18738863978673803
16647,0.14913255007978188,0.18733645880057437
16648,0.14908490774917316,0.18728427720315244
16649,0.14903726603023082,0.18723209499423366
16650,0.1489896249231364,0.18717991217358954
16651,0.14894198442814988,0.18712772874104489
16652,0.14889434454548556,0.18707554469633358
16653,0.14884670527533683,0.18702336003924291
16654,0.1487990666179504,0.18697117476958147
16655,0.1487514285735244,0.18691898888709912
16656,0.1487037911422786,0.18686680239160092
16657,0.14865615432445534,0.18681461528286658
16658,0.14860851812025544,0.18676242756065276
16659,0.14856088252991506,0.18671023922475727
16660,0.14851324755362938,0.1866580502749452
16661,0.14846561319163698,0.1866058607110217
16662,0.14841797944413815,0.18655367053274763
16663,0.14837034631139234,0.1865014797399257
16664,0.14832271379358164,0.18644928833229146
16665,0.14827508189095084,0.18639709630966517
16666,0.14822745060370457,0.18634490367180145
16667,0.14817981993207108,0.18629271041849593
16668,0.14813218987627785,0.18624051654952123
16669,0.14808456043652496,0.18618832206464753
16670,0.14803693161306353,0.18613612696367876
16671,0.14798930340611582,0.18608393124635936
16672,0.1479416758158768,0.18603173491246672
16673,0.14789404884258128,0.18597953796180933
16674,0.1478464224864563,0.18592734039415104
16675,0.14779879674772067,0.18587514220926393
16676,0.14775117162658302,0.1858229434069305
16677,0.1477035471233039,0.18577074398694238
16678,0.14765592323806698,0.18571854394903498
16679,0.14760829997112357,0.18566634329303033
16680,0.14756067732267053,0.18561414201867188
16681,0.14751305529296155,0.1855619401257671
16682,0.14746543388218591,0.18550973761405787
16683,0.147417813090591,0.1854575344833599
16684,0.14737019291840658,0.18540533073342302
16685,0.1473225733658532,0.1853531263640159
16686,0.1472749544331331,0.18530092137491894
16687,0.1472273361204981,0.18524871576593238
16688,0.14717971842815403,0.18519650953679967
16689,0.14713210135635557,0.18514430268731952
16690,0.14708448490526882,0.18509209521723302
16691,0.1470368690751731,0.1850398871263792
16692,0.1469892538662838,0.18498767841447583
16693,0.14694163927880322,0.18493546908130487
16694,0.1468940253129909,0.18488325912666914
16695,0.14684641196904857,0.1848310485503043
16696,0.1467987992471994,0.1847788373520115
16697,0.14675118714768642,0.18472662553156827
16698,0.14670357567074366,0.184674413088729
16699,0.14665596481656795,0.18462220002325813
16700,0.14660835458541466,0.1845699863349637
16701,0.14656074497748195,0.18451777202358555
16702,0.14651313599301852,0.18446555708892987
16703,0.1464655276322424,0.1844133415307455
16704,0.1464179198953841,0.18436112534881466
16705,0.1463703127826841,0.18430890854290694
16706,0.14632270629434474,0.18425669111277987
16707,0.14627510043060765,0.1842044730582345
16708,0.14622749519170775,0.18415225437902705
16709,0.14617989057786607,0.18410003507492367
16710,0.14613228658931077,0.1840478151457
16711,0.14608468322626567,0.18399559459113257
16712,0.1460370804889667,0.1839433734109951
16713,0.14598947837765142,0.1838911516050512
16714,0.14594187689252724,0.18383892917306344
16715,0.14589427603384353,0.18378670611482528
16716,0.14584667580180743,0.1837344824300874
16717,0.14579907619667964,0.1836822581186418
16718,0.14575147721867054,0.18363003318022708
16719,0.14570387886801006,0.18357780761463405
16720,0.14565628114493012,0.1835255814216321
16721,0.14560868404966398,0.18347335460098957
16722,0.1455610875824611,0.18342112715247483
16723,0.1455134917435068,0.18336889907583231
16724,0.1454658965330543,0.18331667037088417
16725,0.1454183019513573,0.18326444103737405
16726,0.14537070799862006,0.18321221107504637
16727,0.14532311467508763,0.18315998048369897
16728,0.14527552198097704,0.1831077492630856
16729,0.14522792991652156,0.18305551741299209
16730,0.1451803384819783,0.18300328493318196
16731,0.1451327476775549,0.18295105182339744
16732,0.14508515750349693,0.18289881808343356
16733,0.1450375679600131,0.1828465837130422
16734,0.14498997904736965,0.18279434871201816
16735,0.14494239076577586,0.18274211308009092
16736,0.14489480311547953,0.18268987681705462
16737,0.14484721609670836,0.18263763992265913
16738,0.14479962970969162,0.18258540239667642
16739,0.14475204395466945,0.18253316423887833
16740,0.14470445883186966,0.18248092544902506
16741,0.14465687434153285,0.18242868602688778
16742,0.14460929048388715,0.1823764459722267
16743,0.14456170725916495,0.18232420528481152
16744,0.14451412466760427,0.18227196396441414
16745,0.14446654270945536,0.18221972201079284
16746,0.14441896138492905,0.1821674794236965
16747,0.14437138069425604,0.18211523620291714
16748,0.14432380063770522,0.18206299234822476
16749,0.14427622121547934,0.18201074785934546
16750,0.14422864242784605,0.18195850273608216
16751,0.14418106427500832,0.18190625697816076
16752,0.14413348675719706,0.18185401058538397
16753,0.14408590987469028,0.18180176355752198
16754,0.14403833362770913,0.18174951589428945
16755,0.143990758016467,0.18169726759546778
16756,0.14394318304122056,0.18164501866084926
16757,0.14389560870220253,0.1815927690901703
16758,0.1438480349996517,0.18154051888320177
16759,0.1438004619337897,0.18148826803970264
16760,0.14375288950487553,0.18143601655945452
16761,0.14370531771314832,0.18138376444219528
16762,0.14365774655881913,0.18133151168768502
16763,0.1436101760421572,0.18127925829571645
16764,0.14356260616339012,0.1812270042660178
16765,0.1435150369227387,0.18117474959835922
16766,0.14346746832046076,0.18112249429252492
16767,0.14341990035680452,0.18107023834825342
16768,0.14337233303197017,0.1810179817652957
16769,0.1433247663462327,0.1809657245434565
16770,0.14327720029982172,0.1809134666824559
16771,0.14322963489297358,0.18086120818206575
16772,0.14318207012593442,0.18080894904204992
16773,0.14313450599892286,0.18075668926216049
16774,0.14308694251219367,0.18070442884218318
16775,0.1430393796660019,0.18065216778186
16776,0.14299181746057332,0.18059990608093468
16777,0.142944255896162,0.18054764373918286
16778,0.1428966949729742,0.1804953807563484
16779,0.14284913469128158,0.18044311713223038
16780,0.14280157505130864,0.18039085286655232
16781,0.14275401605329874,0.18033858795909163
16782,0.14270645769753076,0.1802863224096064
16783,0.14265889998419023,0.1802340562178102
16784,0.14261134291354527,0.18018178938352658
16785,0.14256378648583867,0.18012952190648246
16786,0.1425162307013088,0.18007725378643713
16787,0.1424686755602137,0.180024985023151
16788,0.1424211210627645,0.17997271561636297
16789,0.14237356720922756,0.17992044556586861
16790,0.14232601399985023,0.17986817487139717
16791,0.1422784614348388,0.17981590353270094
16792,0.1422309095144879,0.17976363154957697
16793,0.14218335823900385,0.17971135892172574
16794,0.14213580760865008,0.17965908564894428
16795,0.14208825762366017,0.17960681173096738
16796,0.14204070828427684,0.17955453716756298
16797,0.1419931595907693,0.17950226195848862
16798,0.14194561154334195,0.17944998610346963
16799,0.14189806414226336,0.17939770960230994
16800,0.1418505173877811,0.17934543245473644
16801,0.14180297128011465,0.17929315466050033
16802,0.14175542581956035,0.1792408762193859
16803,0.14170788100630516,0.17918859713109103
16804,0.14166033684064383,0.17913631739543479
16805,0.14161279332278065,0.17908403701211784
16806,0.14156525045298896,0.17903175598093946
16807,0.14151770823150966,0.17897947430162353
16808,0.14147016665857737,0.1789271919739287
16809,0.14142262573445796,0.17887490899762493
16810,0.14137508545939215,0.1788226253724402
16811,0.14132754583359952,0.17877034109813628
16812,0.1412800068573724,0.17871805617449743
16813,0.14123246853092175,0.1786657706012228
16814,0.14118493085452744,0.17861348437811053
16815,0.14113739382840518,0.17856119750487254
16816,0.14108985745283575,0.17850890998129954
16817,0.14104232172803077,0.1784566218071053
16818,0.14099478665426857,0.17840433298208314
16819,0.1409472522317794,0.17835204350595024
16820,0.1408997184608094,0.17829975337848059
16821,0.14085218534162303,0.1782474625994267
16822,0.1408046528744844,0.1781951711685219
16823,0.14075712105959892,0.17814287908550053
16824,0.14070958989724558,0.17809058635016317
16825,0.14066205938767684,0.1780382929622254
16826,0.14061452953112952,0.17798599892143752
16827,0.14056700032785208,0.1779337042275616
16828,0.14051947177810054,0.17788140888034942
16829,0.14047194388211937,0.17782911287954528
16830,0.14042441664018046,0.1777768162249057
16831,0.14037689005251597,0.17772451891615482
16832,0.14032936411937635,0.177672220953063
16833,0.14028183884101875,0.1776199223353806
16834,0.14023431421769084,0.1775676230628488
16835,0.14018679024965786,0.17751532313522045
16836,0.14013926693715306,0.1774630225522298
16837,0.14009174428042925,0.17741072131364433
16838,0.14004422227974556,0.17735841941921204
16839,0.13999670093535133,0.17730611686867226
16840,0.13994918024751368,0.17725381366177628
16841,0.13990166021647643,0.17720150979825544
16842,0.1398541408424938,0.17714920527786604
16843,0.1398066221258094,0.17709690010035395
16844,0.13975910406667102,0.17704459426547825
16845,0.1397115866653671,0.17699228777298937
16846,0.13966406992211522,0.17693998062259597
16847,0.13961655383717886,0.17688767281408524
16848,0.13956903841083101,0.17683536434719094
16849,0.1395215236433024,0.1767830552216395
16850,0.13947400953485256,0.1767307454372017
16851,0.13942649608576652,0.17667843499361846
16852,0.13937898329624243,0.1766261238905994
16853,0.13933147116657996,0.1765738121279553
16854,0.13928395969703256,0.17652149970537834
16855,0.13923644888782927,0.176469186622618
16856,0.13918893873924665,0.17641687287944774
16857,0.13914142925154782,0.17636455847558719
16858,0.13909392042496027,0.17631224341077267
16859,0.13904641225977044,0.17625992768478183
16860,0.13899890475621934,0.1762076112973222
16861,0.1389513979145638,0.1761552942481558
16862,0.13890389173504825,0.17610297653702622
16863,0.13885638621797425,0.17605065816368992
16864,0.13880888136355196,0.17599833912784002
16865,0.1387613771720696,0.17594601942927135
16866,0.13871387364377274,0.1758936990676928
16867,0.13866637077890576,0.1758413780428596
16868,0.13861886857776873,0.17578905635452902
16869,0.13857136704057127,0.1757367340023972
16870,0.13852386616760937,0.1756844109862591
16871,0.13847636595911839,0.17563208730581392
16872,0.13842886641535856,0.17557976296083044
16873,0.13838136753661034,0.17552743795104597
16874,0.13833386932312142,0.17547511227617973
16875,0.13828637177513547,0.17542278593598515
16876,0.13823887489293574,0.17537045893021874
16877,0.13819137867678055,0.17531813125859652
16878,0.13814388312691772,0.17526580292085892
16879,0.13809638824360349,0.17521347391675912
16880,0.13804889402711895,0.17516114424604312
16881,0.13800140047770337,0.17510881390842636
16882,0.1379539075956352,0.17505648290367137
16883,0.13790641538117654,0.17500415123149937
16884,0.1378589238345913,0.17495181889164557
16885,0.1378114329561193,0.17489948588384807
16886,0.13776394274604598,0.17484715220786884
16887,0.1377164532046058,0.1747948178634201
16888,0.13766896433209985,0.17474248285026905
16889,0.13762147612876585,0.17469014716811226
16890,0.1375739885948607,0.17463781081671204
16891,0.13752650173066716,0.17458547379581402
16892,0.13747901553644581,0.17453313610513344
16893,0.1374315300124429,0.1744807977444096
16894,0.1373840451589441,0.17442845871339674
16895,0.13733656097620062,0.17437611901180872
16896,0.1372890774644726,0.1743237786393942
16897,0.13724159462403418,0.17427143759589492
16898,0.1371941124551489,0.17421909588103424
16899,0.13714663095806778,0.17416675349454847
16900,0.13709915013307616,0.17411441043618958
16901,0.13705166998043994,0.17406206670566748
16902,0.13700419050040935,0.17400972230271927
16903,0.13695671169324353,0.1739573772270937
16904,0.13690923355923634,0.17390503147853387
16905,0.1368617560986205,0.17385268505674223
16906,0.13681427931169443,0.1738003379614892
16907,0.13676680319871382,0.17374799019247367
16908,0.13671932775993179,0.1736956417494403
16909,0.136671852995628,0.1736432926321375
16910,0.13662437890606804,0.1735909428402853
16911,0.13657690549151547,0.17353859237361668
16912,0.13652943275224982,0.1734862412318693
16913,0.13648196068851826,0.17343388941476168
16914,0.1364344893006224,0.17338153692204972
16915,0.13638701858879443,0.1733291837534262
16916,0.13633954855331043,0.17327682990866544
16917,0.13629207919445308,0.17322447538748875
16918,0.13624461051248327,0.17317212018961226
16919,0.13619714250767667,0.17311976431477583
16920,0.13614967518027765,0.17306740776270324
16921,0.13610220853059463,0.17301505053315214
16922,0.13605474255888383,0.17296269262581043
16923,0.1360072772653902,0.17291033404042278
16924,0.13595981265041135,0.17285797477674758
16925,0.13591234871422253,0.1728056148344842
16926,0.13586488545706765,0.17275325421335586
16927,0.1358174228792347,0.17270089291312218
16928,0.1357699609809795,0.17264853093349308
16929,0.13572249976260164,0.1725961682742152
16930,0.13567503922435986,0.172543804934984
16931,0.13562757936650027,0.17249144091554247
16932,0.13558012018934018,0.17243907621564947
16933,0.1355326616931185,0.17238671083497958
16934,0.13548520387810847,0.17233434477329923
16935,0.13543774674460818,0.17228197803033518
16936,0.13539029029287308,0.17222961060578534
16937,0.13534283452316642,0.17217724249939692
16938,0.13529537943577574,0.17212487371090768
16939,0.13524792503098337,0.1720725042400285
16940,0.135200471309032,0.17202013408647487
16941,0.13515301827023585,0.17196776325000895
16942,0.1351055659148387,0.17191539173031134
16943,0.13505811424311875,0.17186301952714134
16944,0.13501066325536026,0.17181064664022128
16945,0.13496321295184321,0.17175827306926417
16946,0.13491576333281563,0.17170589881399
16947,0.1348683143985795,0.17165352387415433
16948,0.13482086614940147,0.1716011482494525
16949,0.13477341858556713,0.17154877193961604
16950,0.13472597170733824,0.17149639494436097
16951,0.13467852551498982,0.17144401726342684
16952,0.1346310800087941,0.17139163889653786
16953,0.1345836351890568,0.1713392598434228
16954,0.1345361910560251,0.1712868801037709
16955,0.13448874760999485,0.1712344996773415
16956,0.13444130485123318,0.17118211856383259
16957,0.13439386278002174,0.1711297367629805
16958,0.13434642139662634,0.1710773542745042
16959,0.13429898070134738,0.1710249710981374
16960,0.13425154069444556,0.17097258723357578
16961,0.13420410137621297,0.1709202026805633
16962,0.13415666274689064,0.17086781743880486
16963,0.13410922480683918,0.1708154315080641
16964,0.13406178755624354,0.17076304488797034
16965,0.13401435099544678,0.1707106575783497
16966,0.1339669151246926,0.17065826957885144
16967,0.13391947994427644,0.17060588088923712
16968,0.13387204545448106,0.1705534915092084
16969,0.1338246116555839,0.17050110143848274
16970,0.13377717854784943,0.17044871067678213
16971,0.13372974613159405,0.17039631922384457
16972,0.1336823144070831,0.17034392707934876
16973,0.1336348833745672,0.17029153424303212
16974,0.13358745303436903,0.17023914071464652
16975,0.13354002338674953,0.170186746493865
16976,0.1334925944320039,0.17013435158042833
16977,0.13344516617039315,0.1700819559740412
16978,0.1333977386022226,0.1700295596744431
16979,0.1333503117277719,0.16997716268132756
16980,0.13330288554731828,0.16992476499441322
16981,0.13325546006112554,0.1698723666134242
16982,0.13320803526950697,0.16981996753810136
16983,0.13316061117272548,0.1697675677681253
16984,0.1331131877710766,0.16971516730323633
16985,0.13306576506484247,0.1696627661431357
16986,0.13301834305430094,0.16961036428754317
16987,0.13297092173976144,0.16955796173618165
16988,0.13292350112146334,0.16950555848873794
16989,0.13287608119973704,0.16945315454497822
16990,0.13282866197484788,0.16940074990456777
16991,0.13278124344706954,0.16934834456724102
16992,0.13273382561670766,0.1692959385327274
16993,0.1326864084840429,0.16924353180071894
16994,0.13263899204936136,0.16919112437093464
16995,0.13259157631293528,0.1691387162430884
16996,0.13254416127506874,0.16908630741691
16997,0.1324967469360343,0.1690338978920931
16998,0.1324493332961343,0.1689814876683673
16999,0.13240192035566,0.168929076745427
17000,0.1323545081148585,0.16887666512298183
17001,0.13230709657407447,0.1688242528007896
17002,0.13225968573354552,0.16877183977849686
17003,0.13221227559361548,0.16871942605587387
17004,0.13216486615452294,0.1686670116325678
17005,0.132117457416572,0.16861459650834942
17006,0.1320700493800564,0.16856218068290896
17007,0.1320226420452527,0.16850976415595476
17008,0.13197523541247114,0.16845734692721093
17009,0.13192782948199766,0.16840492899636428
17010,0.1318804242541023,0.16835251036312948
17011,0.13183301972909067,0.16830009102723864
17012,0.1317856159072497,0.16824767098838522
17013,0.13173821278887388,0.16819525024628068
17014,0.13169081037426866,0.16814282880063136
17015,0.13164340866368873,0.1680904066511295
17016,0.13159600765744917,0.16803798379752544
17017,0.13154860735584006,0.16798556023950062
17018,0.1315012077591451,0.1679331359767655
17019,0.131453808867656,0.1678807110090358
17020,0.13140641068167247,0.16782828533602245
17021,0.13135901320150178,0.16777585895742209
17022,0.13131161642741618,0.16772343187292693
17023,0.1312642203597022,0.16767100408226676
17024,0.13121682499867748,0.1676185755851558
17025,0.13116943034460637,0.16756614638127454
17026,0.13112203639781483,0.16751371647036017
17027,0.13107464315856732,0.16746128585208342
17028,0.131027250627185,0.16740885452618515
17029,0.1309798588039417,0.1673564224923373
17030,0.1309324676891469,0.1673039897502725
17031,0.13088507728307164,0.16725155629967559
17032,0.13083768758604286,0.16719912214028176
17033,0.13079029859833802,0.1671466872717574
17034,0.13074291032026453,0.16709425169382863
17035,0.13069552275209628,0.16704181540618623
17036,0.13064813589414825,0.16698937840855876
17037,0.13060074974671165,0.16693694070062903
17038,0.13055336431009745,0.1668845022821075
17039,0.13050597958457633,0.16683206315267896
17040,0.13045859557046768,0.16677962331207785
17041,0.1304112122680462,0.1667271827599821
17042,0.13036382967763005,0.16667474149611794
17043,0.1303164477995118,0.16662229952016583
17044,0.13026906663398607,0.16656985683183456
17045,0.13022168618137053,0.16651741343082893
17046,0.13017430644192052,0.16646496931682842
17047,0.1301269274159782,0.16641252448958332
17048,0.1300795491038259,0.16636007894874538
17049,0.1300321715057562,0.16630763269403592
17050,0.1299847946220929,0.16625518572516307
17051,0.1299374184531067,0.16620273804179886
17052,0.12989004299912066,0.16615028964367584
17053,0.1298426682604198,0.16609784053046983
17054,0.12979529423731506,0.16604539070189506
17055,0.12974792093008913,0.165992940157642
17056,0.12970054833908407,0.16594048889742896
17057,0.12965317646456298,0.1658880369209076
17058,0.12960580530683707,0.16583558422782085
17059,0.12955843486621177,0.16578313081785634
17060,0.12951106514299426,0.1657306766907084
17061,0.12946369613746822,0.16567822184606784
17062,0.12941632784995627,0.16562576628365466
17063,0.12936896028075728,0.16557331000314257
17064,0.129321593430189,0.16552085300423436
17065,0.12927422729851878,0.16546839528660795
17066,0.12922686188607257,0.1654159368500029
17067,0.12917949719315824,0.1653634776940901
17068,0.1291321332200689,0.1653110178185606
17069,0.1290847699671107,0.16525855722312177
17070,0.12903740743461045,0.1652060959074687
17071,0.12899004562285887,0.16515363387127224
17072,0.12894268453213154,0.16510117111424139
17073,0.1288953241627826,0.16504870763610469
17074,0.12884796451507474,0.16499624343650277
17075,0.1288006055893549,0.1649437785151786
17076,0.1287532473859111,0.16489131287177794
17077,0.12870588990504883,0.16483884650601743
17078,0.12865853314706077,0.16478637941758933
17079,0.12861117711227665,0.16473391160620476
17080,0.12856382180099202,0.16468144307153054
17081,0.12851646721354393,0.16462897381327113
17082,0.12846911335019362,0.16457650383108824
17083,0.12842176021126483,0.16452403312472375
17084,0.12837440779708809,0.16447156169385424
17085,0.12832705610794526,0.164419089538144
17086,0.12827970514417297,0.16436661665731622
17087,0.12823235490605578,0.1643141430510302
17088,0.12818500539390731,0.1642616687190045
17089,0.12813765660804433,0.16420919366092457
17090,0.1280903085487758,0.16415671787647346
17091,0.128042961216412,0.1641042413653414
17092,0.1279956146112593,0.16405176412721767
17093,0.12794826873364107,0.16399928616179804
17094,0.12790092358385585,0.16394680746875645
17095,0.12785357916222373,0.1638943280477957
17096,0.12780623546904724,0.16384184789859457
17097,0.12775889250464112,0.163789367020852
17098,0.12771155026932068,0.16373688541425313
17099,0.12766420876339457,0.16368440307848142
17100,0.12761686798717387,0.16363192001322835
17101,0.12756952794098853,0.16357943621818383
17102,0.12752218862512654,0.16352695169301468
17103,0.12747485003993086,0.16347446643743746
17104,0.12742751218569115,0.1634219804511049
17105,0.12738017506272725,0.16336949373372966
17106,0.12733283867135015,0.16331700628499168
17107,0.1272855030118939,0.16326451810457943
17108,0.1272381680846446,0.16321202919215816
17109,0.1271908338899279,0.1631595395474439
17110,0.12714350042809175,0.16310704917010876
17111,0.12709616769940835,0.16305455805980262
17112,0.12704883570420067,0.16300206621625712
17113,0.1270015044428,0.16294957363915008
17114,0.12695417391552288,0.1628970803281461
17115,0.12690684412269349,0.16284458628293075
17116,0.12685951506458704,0.16279209150317586
17117,0.1268121867415659,0.16273959598861598
17118,0.12676485915391622,0.16268709973887852
17119,0.12671753230198723,0.16263460275368324
17120,0.1266702061860765,0.16258210503267578
17121,0.1266228808065072,0.16252960657556315
17122,0.12657555616358773,0.1624771073820196
17123,0.12652823225766507,0.16242460745173826
17124,0.1264809090890303,0.1623721067843692
17125,0.12643358665802262,0.16231960537962498
17126,0.12638626496494554,0.16226710323716265
17127,0.12633894401012213,0.1622146003566819
17128,0.1262916237938856,0.16216209673785853
17129,0.12624430431654243,0.16210959238035716
17130,0.12619698557842007,0.16205708728387336
17131,0.12614966757983526,0.16200458144807994
17132,0.12610235032113504,0.16195207487265917
17133,0.1260550338026034,0.1618995675572601
17134,0.12600771802457977,0.16184705950160638
17135,0.1259604029873853,0.1617945507053542
17136,0.1259130886913511,0.16174204116818314
17137,0.12586577513677488,0.1616895308897589
17138,0.12581846232400795,0.1616370198697894
17139,0.12577115025335783,0.1615845081079187
17140,0.12572383892516747,0.16153199560384202
17141,0.12567652833972842,0.16147948235721188
17142,0.12562921849739528,0.16142696836774295
17143,0.12558190939846825,0.16137445363507608
17144,0.12553460104329472,0.16132193815891305
17145,0.12548729343219478,0.16126942193890415
17146,0.12543998656548072,0.1612169049747303
17147,0.1253926804434916,0.16116438726608062
17148,0.1253453750665412,0.1611118688126132
17149,0.12529807043496943,0.16105934961401736
17150,0.12525076654908185,0.16100682966995006
17151,0.12520346340922883,0.1609543089801092
17152,0.12515616101574334,0.1609017875441413
17153,0.12510885936891336,0.1608492653617114
17154,0.12506155846911882,0.16079674243253805
17155,0.12501425831663915,0.16074421875623313
17156,0.1249669589118444,0.16069169433252495
17157,0.12491966025501544,0.16063916916103615
17158,0.12487236234652321,0.16058664324149374
17159,0.12482506518668579,0.16053411657351924
17160,0.12477776877581881,0.1604815891567981
17161,0.1247304731142782,0.16042906099101406
17162,0.12468317820236252,0.1603765320758097
17163,0.12463588404043391,0.1603240024108905
17164,0.12458859062879335,0.16027147199588776
17165,0.12454129796777591,0.16021894083050636
17166,0.12449400605774597,0.16016640891440992
17167,0.12444671489899417,0.16011387624722961
17168,0.12439942449187424,0.16006134282868067
17169,0.12435213483670426,0.16000880865840528
17170,0.12430484593384705,0.15995627373608856
17171,0.12425755778359371,0.15990373806136127
17172,0.12421027038629817,0.15985120163393995
17173,0.12416298374230506,0.15979866445346724
17174,0.12411569785193077,0.1597461265195964
17175,0.12406841271551072,0.15969358783201326
17176,0.12402112833338963,0.15964104839038185
17177,0.12397384470587491,0.15958850819435666
17178,0.1239265618333365,0.15953596724363428
17179,0.12387927971608992,0.159483425537839
17180,0.12383199835446934,0.15943088307665687
17181,0.12378471774882616,0.15937833985975514
17182,0.12373743789948444,0.15932579588678009
17183,0.12369015880677547,0.15927325115740976
17184,0.123642880471041,0.1592207056713114
17185,0.12359560289262173,0.15916815942814466
17186,0.12354832607185573,0.1591156124275671
17187,0.12350105000906686,0.15906306466923958
17188,0.12345377470461005,0.15901051615284278
17189,0.12340650015879573,0.15895796687801655
17190,0.12335922637199848,0.15890541684445425
17191,0.12331195334453704,0.15885286605177718
17192,0.12326468107674704,0.15880031449966936
17193,0.1232174095689822,0.15874776218779518
17194,0.12317013882157679,0.15869520911579915
17195,0.12312286883485435,0.1586426552833472
17196,0.1230755996091677,0.15859010069011747
17197,0.12302833114486578,0.15853754533575626
17198,0.12298106344227966,0.15848498921991294
17199,0.12293379650175795,0.15843243234225757
17200,0.12288653032361985,0.1583798747024403
17201,0.12283926490822261,0.1583273163001443
17202,0.12279200025592718,0.1582747571350125
17203,0.1227447363670342,0.15822219720667752
17204,0.12269747324192282,0.1581696365148474
17205,0.12265021088092565,0.1581170750591364
17206,0.12260294928436533,0.15806451283921374
17207,0.12255568845260056,0.15801194985475853
17208,0.12250842838599574,0.15795938610541171
17209,0.12246116908485372,0.15790682159080338
17210,0.1224139105495543,0.15785425631063887
17211,0.12236665278041514,0.15780169026453195
17212,0.12231939577780493,0.15774912345216896
17213,0.12227213954204741,0.15769655587317688
17214,0.12222488407350984,0.15764398752723596
17215,0.12217762937252097,0.15759141841397573
17216,0.12213037543943617,0.15753884853306965
17217,0.12208312227459883,0.1574862778841607
17218,0.12203586987834436,0.15743370646690502
17219,0.12198861825103224,0.15738113428097
17220,0.12194136739301986,0.15732856132599427
17221,0.12189411730463673,0.15727598760161798
17222,0.12184686798622879,0.15722341310751475
17223,0.12179961943816697,0.15717083784333896
17224,0.12175237166077646,0.1571182618087157
17225,0.12170512465442418,0.15706568500332463
17226,0.12165787841945752,0.15701310742679409
17227,0.12161063295618835,0.15696052907877656
17228,0.12156338826502222,0.15690794995896806
17229,0.12151614434627689,0.15685537006695205
17230,0.12146890120031928,0.1568027894024181
17231,0.12142165882747868,0.15675020796499506
17232,0.12137441722812814,0.1566976257543572
17233,0.12132717640260371,0.15664504277012725
17234,0.12127993635128165,0.15659245901197305
17235,0.12123269707446704,0.15653987447951268
17236,0.12118545857254326,0.15648728917244903
17237,0.12113822084588133,0.1564347030903943
17238,0.12109098389480677,0.1563821162329736
17239,0.12104374771966853,0.1563295285998666
17240,0.1209965123208413,0.1562769401907238
17241,0.1209492776986697,0.15622435100516796
17242,0.12090204385349756,0.1561717610428548
17243,0.12085481078571048,0.15611917030344313
17244,0.12080757849561985,0.15606657878654173
17245,0.12076034698361626,0.15601398649184628
17246,0.12071311625003234,0.15596139341896098
17247,0.120665886295245,0.1559087995675552
17248,0.12061865711958397,0.15585620493724983
17249,0.1205714287234374,0.15580360952771966
17250,0.12052420110713002,0.15575101333856955
17251,0.12047697427104609,0.15569841636948145
17252,0.12042974821552277,0.1556458186200662
17253,0.12038252294094742,0.15559322008998921
17254,0.12033529844763535,0.155540620778859
17255,0.1202880747359858,0.1554880206863669
17256,0.12024085180632704,0.15543541981210607
17257,0.12019362965902625,0.15538281815575483
17258,0.12014640829445966,0.1553302157169426
17259,0.12009918771296224,0.15527761249529282
17260,0.12005196791491168,0.15522500849047183
17261,0.1200047489006586,0.15517240370209928
17262,0.11995753067056503,0.1551197981298278
17263,0.11991031322501045,0.1550671917732933
17264,0.1198630965643338,0.15501458463211515
17265,0.11981588068889004,0.1549619767059558
17266,0.11976866559906785,0.15490936799446153
17267,0.11972145129521505,0.15485675849724057
17268,0.11967423777769659,0.1548041482139465
17269,0.11962702504687117,0.1547515371442152
17270,0.11957981310310584,0.15469892528768658
17271,0.11953260194676374,0.15464631264399342
17272,0.11948539157820615,0.15459369921277222
17273,0.1194381819978062,0.15454108499366348
17274,0.11939097320592729,0.1544884699862913
17275,0.11934376520291945,0.1544358541902925
17276,0.11929655798916639,0.15438323760531947
17277,0.11924935156501049,0.15433062023098687
17278,0.11920214593083722,0.15427800206695375
17279,0.11915494108702862,0.15422538311283196
17280,0.11910773703391708,0.15417276336823804
17281,0.11906053377189607,0.15412014283284303
17282,0.11901333130130043,0.15406752150625092
17283,0.11896612962253372,0.15401489938813062
17284,0.11891892873593313,0.15396227647807315
17285,0.11887172864188689,0.15390965277574598
17286,0.11882452934077725,0.15385702828075942
17287,0.11877733083293918,0.15380440299272624
17288,0.11873013311875935,0.1537517769113178
17289,0.1186829361986087,0.15369915003614487
17290,0.1186357400728485,0.15364652236683551
17291,0.11858854474186054,0.15359389390303124
17292,0.11854135020600554,0.1535412646443468
17293,0.11849415646566841,0.15348863459042317
17294,0.11844696352120099,0.15343600374087374
17295,0.11839977137298985,0.15338337209534836
17296,0.11835258002140703,0.15333073965345934
17297,0.11830538946681068,0.1532781064148352
17298,0.11825819970959206,0.15322547237911777
17299,0.11821101075011131,0.15317283754591382
17300,0.11816382258875135,0.1531202019148652
17301,0.1181166352258729,0.15306756548558753
17302,0.1180694486618673,0.1530149282577219
17303,0.11802226289707951,0.1529622902308735
17304,0.11797507793191786,0.15290965140470358
17305,0.11792789376675472,0.15285701177879607
17306,0.11788071040193715,0.1528043713527807
17307,0.11783352783786383,0.15275173012631316
17308,0.11778634607490124,0.1526990880989929
17309,0.11773916511344629,0.15264644527045423
17310,0.11769198495383826,0.15259380164029668
17311,0.11764480559649393,0.1525411572081855
17312,0.11759762704176091,0.15248851197370017
17313,0.1175504492900461,0.15243586593649516
17314,0.11750327234168956,0.1523832190961607
17315,0.11745609619709618,0.1523305714523625
17316,0.11740892085664123,0.15227792300469056
17317,0.11736174632070406,0.15222527375277006
17318,0.11731457258967581,0.1521726236962223
17319,0.11726739966389987,0.1521199728346535
17320,0.1172202275437938,0.15206732116772637
17321,0.11717305622972685,0.15201466869501645
17322,0.11712588572208094,0.15196201541615728
17323,0.11707871602121478,0.15190936133076638
17324,0.11703154712755404,0.15185670643848825
17325,0.1169843790414472,0.1518040507388908
17326,0.11693721176327476,0.15175139423162987
17327,0.11689004529344615,0.15169873691632596
17328,0.1168428796323231,0.15164607879256453
17329,0.11679571478029582,0.15159341985998775
17330,0.11674855073775126,0.15154076011820405
17331,0.11670138750506986,0.1514880995668254
17332,0.11665422508262746,0.15143543820547278
17333,0.11660706347082961,0.1513827760337707
17334,0.11655990267005123,0.15133011305131017
17335,0.11651274268067857,0.15127744925771858
17336,0.11646558350307556,0.15122478465260913
17337,0.11641842513767031,0.1511721192356219
17338,0.11637126758482497,0.15111945300632057
17339,0.11632411084493943,0.15106678596434808
17340,0.11627695491836554,0.1510141181093011
17341,0.11622979980553616,0.150961449440835
17342,0.116182645506818,0.15090877995850793
17343,0.11613549202258833,0.15085610966195817
17344,0.11608833935327456,0.1508034385508078
17345,0.1160411874992171,0.1507507666246256
17346,0.11599403646084727,0.15069809388307798
17347,0.1159468862385391,0.15064542032572614
17348,0.11589973683266874,0.1505927459521995
17349,0.11585258824365119,0.15054007076212317
17350,0.11580544047186081,0.15048739475507822
17351,0.1157582935177005,0.15043471793069352
17352,0.11571114738154997,0.15038204028856406
17353,0.11566400206380945,0.1503293618283118
17354,0.11561685756487361,0.15027668254953463
17355,0.11556971388513015,0.1502240024518383
17356,0.11552257102497043,0.15017132153483514
17357,0.11547542898478846,0.15011863979813345
17358,0.11542828776498182,0.15006595724134053
17359,0.11538114736595695,0.15001327386405772
17360,0.11533400778808123,0.14996058966587567
17361,0.11528686903176799,0.1499079046464309
17362,0.11523973109741603,0.14985521880530817
17363,0.11519259398540804,0.14980253214210837
17364,0.11514545769615658,0.14974984465644947
17365,0.11509832223003158,0.14969715634791747
17366,0.11505118758746025,0.149644467216145
17367,0.11500405376881606,0.14959177726070216
17368,0.11495692077452246,0.14953908648121694
17369,0.11490978860494938,0.14948639487726278
17370,0.1148626572605157,0.14943370244847354
17371,0.11481552674161377,0.14938100919442765
17372,0.11476839704863995,0.14932831511473332
17373,0.11472126818199091,0.14927562020899476
17374,0.11467414014207644,0.14922292447681484
17375,0.11462701292928879,0.14917022791778312
17376,0.11457988654404172,0.14911753053150756
17377,0.11453276098672271,0.14906483231757317
17378,0.11448563625774044,0.14901213327559382
17379,0.1144385123574786,0.1489594334051596
17380,0.11439138928637405,0.14890673270589072
17381,0.11434426704480682,0.14885403117734275
17382,0.11429714563316451,0.1488013288191401
17383,0.11425002505189219,0.1487486256308972
17384,0.11420290530135613,0.14869592161216283
17385,0.11415578638199264,0.14864321676257697
17386,0.11410866829417443,0.14859051108169552
17387,0.11406155103833171,0.14853780456915489
17388,0.11401443461484739,0.14848509722451664
17389,0.11396731902413948,0.14843238904740363
17390,0.11392020426661054,0.14837968003739488
17391,0.1138730903426809,0.1483269701940887
17392,0.1138259772527388,0.14827425951706164
17393,0.11377886499720102,0.14822154800592857
17394,0.11373175357647425,0.1481688356602724
17395,0.11368464299097625,0.1481161224796853
17396,0.11363753324109127,0.14806340846374788
17397,0.11359042432723199,0.14801069361207908
17398,0.1135433162498376,0.1479579779242659
17399,0.11349620900929536,0.14790526139986537
17400,0.11344910260601204,0.14785254403849213
17401,0.11340199704039478,0.14779982583974038
17402,0.11335489231287077,0.14774710680320247
17403,0.1133077884238407,0.14769438692845005
17404,0.11326068537372358,0.147641666215083
17405,0.1132135831629223,0.14758894466268135
17406,0.11316648179184952,0.14753622227084284
17407,0.11311938126093624,0.14748349903915514
17408,0.11307228157056926,0.14743077496718504
17409,0.11302518272118256,0.1473780500545474
17410,0.11297808471316473,0.14732532430080747
17411,0.11293098754696684,0.14727259770557932
17412,0.11288389122296272,0.14721987026840577
17413,0.11283679574161254,0.1471671419889199
17414,0.11278970110328346,0.14711441286665328
17415,0.11274260730842833,0.1470616829012471
17416,0.11269551435744884,0.14700895209224263
17417,0.11264842225076543,0.14695622043923962
17418,0.11260133098879721,0.14690348794181762
17419,0.11255424057193886,0.14685075459955665
17420,0.1125071510006539,0.1467980204120658
17421,0.11246006227531313,0.14674528537887288
17422,0.11241297439635267,0.1466925494996174
17423,0.11236588736420516,0.14663981277385685
17424,0.1123188011792905,0.146587075201159
17425,0.1122717158419968,0.14653433678110195
17426,0.11222463135278005,0.14648159751330359
17427,0.11217754771203681,0.14642885739730138
17428,0.11213046492019729,0.1463761164327032
17429,0.1120833829776835,0.14632337461907718
17430,0.1120363018849263,0.14627063195599999
17431,0.11198922164233871,0.1462178884430403
17432,0.11194214225033416,0.1461651440797863
17433,0.11189506370934121,0.14611239886582617
17434,0.11184798601980905,0.14605965280072875
17435,0.11180090918212249,0.14600690588404286
17436,0.11175383319672039,0.1459541581153878
17437,0.11170675806404884,0.1459014094943234
17438,0.11165968378449287,0.1458486600204001
17439,0.11161261035851577,0.14579590969323808
17440,0.11156553778651879,0.1457431585123694
17441,0.11151846606893812,0.1456904064773954
17442,0.1114713952062002,0.1456376535878785
17443,0.1114243251987489,0.14558489984339273
17444,0.1113772560469739,0.14553214524349078
17445,0.11133018775133485,0.14547938978778907
17446,0.11128312031223964,0.14542663347582208
17447,0.11123605373012757,0.14537387630718646
17448,0.11118898800544774,0.14532111828144
17449,0.11114192313859528,0.1452683593981311
17450,0.11109485912999972,0.14521559965686948
17451,0.1110477959801327,0.14516283905722527
17452,0.11100073368937924,0.1451100775987203
17453,0.11095367225820785,0.14505731528097798
17454,0.11090661168701932,0.14500455210352148
17455,0.11085955197627173,0.14495178806595654
17456,0.11081249312637165,0.14489902316782077
17457,0.11076543513776604,0.14484625740871082
17458,0.11071837801090267,0.14479349078817716
17459,0.11067132174620109,0.14474072330577026
17460,0.11062426634408773,0.14468795496107323
17461,0.11057721180500579,0.1446351857536593
17462,0.11053015812938793,0.14458241568308494
17463,0.11048310531769134,0.14452964474891683
17464,0.11043605337031304,0.1444768729506949
17465,0.11038900228771364,0.14442410028802954
17466,0.11034195207033015,0.1443713267604525
17467,0.11029490271858755,0.14431855236752955
17468,0.11024785423293582,0.1442657771088366
17469,0.11020080661380427,0.14421300098392187
17470,0.11015375986163245,0.14416022399235628
17471,0.11010671397688121,0.14410744613370186
17472,0.11005966895996722,0.1440546674074925
17473,0.11001262481132157,0.14400188781331635
17474,0.10996558153141078,0.1439491073507415
17475,0.10991853912066274,0.14389632601929903
17476,0.10987149757950332,0.1438435438185628
17477,0.10982445690839981,0.14379076074810804
17478,0.10977741710778399,0.14373797680746347
17479,0.10973037817809339,0.14368519199619978
17480,0.1096833401197963,0.14363240631388008
17481,0.10963630293329252,0.14357961976003053
17482,0.10958926661906498,0.14352683233425867
17483,0.10954223117753226,0.14347404403607633
17484,0.10949519660914753,0.14342125486506707
17485,0.10944816291436066,0.14336846482077725
17486,0.1094011300936012,0.14331567390275624
17487,0.10935409814734875,0.14326288211057658
17488,0.10930706707602866,0.1432100894437527
17489,0.10926003688006325,0.1431572959018632
17490,0.10921300755994179,0.14310450148448894
17491,0.10916597911609938,0.14305170619113394
17492,0.10911895154896611,0.1429989100213659
17493,0.10907192485900863,0.14294611297475524
17494,0.10902489904667689,0.14289331505083513
17495,0.10897787411240423,0.14284051624915284
17496,0.10893085005667169,0.14278771656927836
17497,0.10888382687988885,0.14273491601072597
17498,0.10883680458253087,0.14268211457309188
17499,0.10878978316505294,0.14262931225589737
17500,0.10874276262787297,0.14257650905868613
17501,0.10869574297149909,0.14252370498104594
17502,0.10864872419634497,0.14247090002245777
17503,0.10860170630285126,0.14241809418251727
17504,0.108554689291528,0.14236528746078203
17505,0.10850767316276666,0.14231247985673612
17506,0.10846065791706316,0.1422596713699945
17507,0.10841364355484473,0.14220686200005805
17508,0.1083666300765993,0.1421540517465011
17509,0.1083196174827491,0.14210124060883145
17510,0.10827260577376563,0.14204842858663191
17511,0.10822559495011663,0.14199561567942798
17512,0.10817858501222266,0.1419428018867509
17513,0.10813157596059586,0.14188998720818513
17514,0.10808456779565012,0.14183717164320997
17515,0.10803756051784652,0.1417843551914184
17516,0.107990554127669,0.14173153785234804
17517,0.10794354862558075,0.14167871962551115
17518,0.10789654401198812,0.14162590051044444
17519,0.10784954028741567,0.14157308050674888
17520,0.10780253745227952,0.1415202596138906
17521,0.10775553550706196,0.14146743783145932
17522,0.10770853445222217,0.1414146151589708
17523,0.10766153428822633,0.14136179159596385
17524,0.10761453501552487,0.14130896714197427
17525,0.10756753663458396,0.14125614179655055
17526,0.10752053914588211,0.1412033155592276
17527,0.10747354254985786,0.1411504884295245
17528,0.1074265468469986,0.14109766040700555
17529,0.1073795520377604,0.14104483149118052
17530,0.10733255812260434,0.14099200168159376
17531,0.10728556510201304,0.14093917097778474
17532,0.10723857297642891,0.14088633937926898
17533,0.10719158174633492,0.14083350688560647
17534,0.10714459141218236,0.14078067349631207
17535,0.10709760197445961,0.1407278392109378
17536,0.10705061343363542,0.14067500402899014
17537,0.10700362579014744,0.1406221679500006
17538,0.10695663904450625,0.14056933097353663
17539,0.10690965319715495,0.14051649309908187
17540,0.10686266824855317,0.14046365432619456
17541,0.10681568419920351,0.14041081465441962
17542,0.1067687010495707,0.14035797408324746
17543,0.10672171880009795,0.14030513261221444
17544,0.10667473745128175,0.14025229024088204
17545,0.10662775700359806,0.14019944696874875
17546,0.10658077745750882,0.14014660279533842
17547,0.1065337988134869,0.1400937577201915
17548,0.10648682107200969,0.14004091174283384
17549,0.10643984423355701,0.13998806486278825
17550,0.10639286829858596,0.13993521707957302
17551,0.1063458932675857,0.13988236839273316
17552,0.10629891914104328,0.1398295188017803
17553,0.10625194591941,0.13977666830622204
17554,0.10620497360318126,0.13972381690561209
17555,0.10615800219282256,0.1396709645994516
17556,0.10611103168881741,0.13961811138727764
17557,0.10606406209164654,0.13956525726860414
17558,0.106017093401782,0.1395124022429518
17559,0.10597012561971764,0.13945954630984758
17560,0.10592315874590685,0.1394066894687963
17561,0.10587619278085647,0.139353831719348
17562,0.10582922772502612,0.13930097306099132
17563,0.10578226357890996,0.1392481134932706
17564,0.10573530034298162,0.13919525301568825
17565,0.10568833801773236,0.13914239162777275
17566,0.10564137660364814,0.13908952932903085
17567,0.1055944161011837,0.13903666611897536
17568,0.10554745651086361,0.13898380199715687
17569,0.1055004978331463,0.13893093696304393
17570,0.10545354006851915,0.13887807101618144
17571,0.10540658321746144,0.13882520415608168
17572,0.10535962728046555,0.1387723363822655
17573,0.1053126722580322,0.13871946769424015
17574,0.10526571815063157,0.1386665980915024
17575,0.10521876495875215,0.13861372757358348
17576,0.10517181268288511,0.13856085613999547
17577,0.10512486132351395,0.1385079837902462
17578,0.10507791088113283,0.13845511052385295
17579,0.10503096135621348,0.13840223634031956
17580,0.10498401274927016,0.13834936123917785
17581,0.10493706506078593,0.138296485219909
17582,0.10489011829124517,0.1382436082820313
17583,0.10484317244114139,0.13819073042506091
17584,0.10479622751096329,0.13813785164850323
17585,0.10474928350120771,0.13808497195186986
17586,0.10470234041236548,0.13803209133466432
17587,0.1046553982449282,0.13797920979639466
17588,0.10460845699938903,0.1379263273365695
17589,0.10456151667625924,0.1378734439546957
17590,0.10451457727599278,0.13782055965025886
17591,0.10446763879912002,0.1377676744228118
17592,0.10442070124613112,0.1377147882718177
17593,0.10437376461751624,0.137661901196788
17594,0.10432682891377565,0.13760901319723295
17595,0.10427989413539296,0.13755612427265085
17596,0.10423296028289708,0.13750323442255952
17597,0.10418602735675686,0.13745034364642683
17598,0.10413909535747512,0.13739745194378794
17599,0.1040921642855489,0.13734455931413747
17600,0.10404523414150035,0.13729166575698037
17601,0.10399830492581008,0.13723877127178974
17602,0.10395137663897636,0.1371858758580884
17603,0.10390444928150666,0.13713297951537817
17604,0.10385752285391636,0.13708008224315082
17605,0.10381059735668918,0.1370271840408871
17606,0.10376367279032483,0.1369742849081078
17607,0.10371674915534934,0.13692138484431238
17608,0.1036698264522391,0.1368684838489712
17609,0.10362290468151902,0.13681558192161303
17610,0.1035759838436916,0.1367626790617078
17611,0.10352906393923289,0.1367097752687545
17612,0.10348214496869534,0.13665687054228115
17613,0.10343522693255403,0.13660396488172866
17614,0.10338830983133707,0.13655105828662395
17615,0.10334139366552164,0.13649815075643756
17616,0.10329447843564121,0.13644524229069777
17617,0.1032475641422066,0.136392332888865
17618,0.10320065078570972,0.1363394225504284
17619,0.10315373836666153,0.13628651127489821
17620,0.10310682688558592,0.13623359906176502
17621,0.10305991634298517,0.1361806859104996
17622,0.10301300673937419,0.13612777182060332
17623,0.10296609807526091,0.13607485679155962
17624,0.10291919035114483,0.13602194082285946
17625,0.10287228356756584,0.135969023914007
17626,0.10282537772503075,0.1359161060644577
17627,0.10277847282403496,0.1358631872737056
17628,0.10273156886511003,0.13581026754125658
17629,0.10268466584875047,0.13575734686657825
17630,0.10263776377550016,0.13570442524917847
17631,0.10259086264587125,0.13565150268850712
17632,0.10254396246035546,0.13559857918405405
17633,0.10249706321947893,0.13554565473533065
17634,0.10245016492378156,0.13549272934181034
17635,0.10240326757376206,0.13543980300294745
17636,0.10235637116993379,0.1353868757182478
17637,0.10230947571282534,0.13533394748719807
17638,0.10226258120295695,0.13528101830926775
17639,0.10221568764085442,0.13522808818393695
17640,0.10216879502702614,0.13517515711067796
17641,0.10212190336200389,0.13512222508898486
17642,0.10207501264629415,0.1350692921183233
17643,0.10202812288044083,0.13501635819819047
17644,0.1019812340649563,0.1349634233280369
17645,0.10193434620034914,0.13491048750735357
17646,0.1018874592871748,0.13485755073563366
17647,0.10184057332593366,0.13480461301231395
17648,0.10179368831715974,0.13475167433690272
17649,0.10174680426138216,0.1346987347088593
17650,0.10169992115912407,0.13464579412765743
17651,0.10165303901090161,0.13459285259277232
17652,0.10160615781725924,0.13453991010369049
17653,0.10155927757872552,0.13448696665986282
17654,0.10151239829579961,0.1344340222607624
17655,0.10146551996905395,0.13438107690589407
17656,0.10141864259898492,0.13432813059467696
17657,0.10137176618613553,0.13427518332662147
17658,0.10132489073104645,0.13422223510118192
17659,0.10127801623421417,0.13416928591781563
17660,0.10123114269622446,0.13411633577603133
17661,0.10118427011757003,0.1340633846752336
17662,0.10113739849878156,0.13401043261493784
17663,0.10109052784041106,0.13395747959461302
17664,0.10104365814299332,0.1339045256137028
17665,0.10099678940704193,0.13385157067167297
17666,0.10094992163311856,0.13379861476801258
17667,0.10090305482175765,0.1337456579021561
17668,0.10085618897346416,0.13369270007356893
17669,0.10080932408880638,0.1336397412817517
17670,0.10076246016831147,0.1335867815261279
17671,0.10071559721251577,0.13353382080617582
17672,0.10066873522196251,0.13348085912135743
17673,0.10062187419718482,0.1334278964711273
17674,0.10057501413873515,0.13337493285495539
17675,0.10052815504713886,0.13332196827228548
17676,0.10048129692293473,0.13326900272259457
17677,0.10043443976669075,0.13321603620534495
17678,0.10038758357892197,0.1331630687199633
17679,0.10034072836018104,0.13311010026593906
17680,0.10029387411100898,0.1330571308427173
17681,0.10024702083194326,0.13300416044975794
17682,0.10020016852355018,0.13295118908652404
17683,0.1001533171863519,0.13289821675244473
17684,0.10010646682091484,0.13284524344700277
17685,0.10005961742775393,0.13279226916962672
17686,0.10001276900745237,0.1327392939198081
17687,0.09996592156054196,0.1326863176969557
17688,0.09991907508755615,0.13263334050054187
17689,0.0998722295890686,0.13258036233003345
17690,0.09982538506561256,0.13252738318485457
17691,0.09977854151774501,0.13247440306447167
17692,0.09973169894600786,0.1324214219683293
17693,0.09968485735096455,0.13236843989588465
17694,0.09963801673315031,0.13231545684657298
17695,0.0995911770931337,0.1322624728198626
17696,0.09954433843144206,0.13220948781517838
17697,0.0994975007486687,0.13215650183200045
17698,0.09945066404533931,0.13210351486972705
17699,0.09940382832201244,0.13205052692783825
17700,0.09935699357925432,0.13199753800577196
17701,0.0993101598175985,0.13194454810296263
17702,0.09926332703762464,0.13189155721887902
17703,0.09921649523986487,0.13183856535293714
17704,0.09916966442489838,0.13178557250460887
17705,0.09912283459328808,0.131732578673312
17706,0.09907600574556863,0.13167958385848177
17707,0.09902917788231846,0.13162658805958705
17708,0.09898235100408759,0.1315735912760455
17709,0.09893552511142589,0.1315205935073115
17710,0.09888870020492213,0.1314675947528331
17711,0.0988418762851162,0.13141459501201924
17712,0.0987950533525851,0.13136159428433158
17713,0.09874823140787592,0.13130859256919092
17714,0.09870141045156955,0.13125558986605412
17715,0.09865459048420888,0.13120258617433533
17716,0.09860777150638256,0.13114958149349498
17717,0.09856095351863747,0.13109657582294176
17718,0.09851413652155783,0.13104356916212945
17719,0.09846732051567231,0.13099056151047284
17720,0.09842050550160075,0.1309375528674479
17721,0.09837369147987718,0.1308845432324257
17722,0.09832687845106147,0.13083153260487845
17723,0.09828006641576337,0.13077852098424758
17724,0.098233255374507,0.1307255083699148
17725,0.09818644532789755,0.13067249476136544
17726,0.09813963627648759,0.13061948015798608
17727,0.09809282822085408,0.1305664645592285
17728,0.09804602116155181,0.13051344796451436
17729,0.09799921509918696,0.13046043037329058
17730,0.09795241003430921,0.13040741178494608
17731,0.09790560596750297,0.1303543921989352
17732,0.0978588028993379,0.1303013716146708
17733,0.09781200083038388,0.1302483500315842
17734,0.0977651997612311,0.13019532744910534
17735,0.09771839969244345,0.13014230386664272
17736,0.09767160062459723,0.1300892792836329
17737,0.09762480255827655,0.13003625369950056
17738,0.09757800549405782,0.12998322711366084
17739,0.0975312094325278,0.12993019952553586
17740,0.09748441437425748,0.12987717093453743
17741,0.09743762031982794,0.12982414134009646
17742,0.09739082726981274,0.12977111074163172
17743,0.0973440352248156,0.12971807913857125
17744,0.09729724418539765,0.12966504653030453
17745,0.09725045415214872,0.129612012916277
17746,0.09720366512565404,0.1295589782958949
17747,0.09715687710648868,0.12950594266857451
17748,0.09711009009523952,0.12945290603374016
17749,0.09706330409251596,0.1293998683908063
17750,0.0970165190988782,0.12934682973915856
17751,0.09696973511491358,0.12929379007823938
17752,0.09692295214122482,0.129240749407462
17753,0.0968761701783829,0.12918770772622146
17754,0.09682938922698936,0.12913466503394966
17755,0.09678260928762406,0.1290816213300412
17756,0.09673583036087374,0.12902857661391842
17757,0.09668905244735682,0.12897553088499525
17758,0.09664227554763594,0.12892248414264706
17759,0.09659549966228997,0.12886943638631654
17760,0.0965487247919451,0.1288163876154268
17761,0.09650195093719505,0.12876333782934657
17762,0.09645517809860893,0.12871028702747978
17763,0.09640840627678904,0.12865723520926264
17764,0.0963616354723501,0.12860418237409188
17765,0.096314865685861,0.12855112852134698
17766,0.09626809691792926,0.12849807365046484
17767,0.09622132916915305,0.12844501776083606
17768,0.0961745624401309,0.12839196085186133
17769,0.0961277967314581,0.12833890292294292
17770,0.09608103204372409,0.12828584397348375
17771,0.09603426837755591,0.1282327840028974
17772,0.09598750573354642,0.12817972301055192
17773,0.09594074411225828,0.12812666099585357
17774,0.0958939835143292,0.12807359795824924
17775,0.09584722394035938,0.128020533897092
17776,0.095800465390953,0.12796746881178322
17777,0.095753707866707,0.12791440270171717
17778,0.09570695136823004,0.12786133556629908
17779,0.09566019589610875,0.1278082674049179
17780,0.09561344145098127,0.12775519821699222
17781,0.09556668803343793,0.12770212800187541
17782,0.0955199356440829,0.12764905675898086
17783,0.09547318428351714,0.12759598448770515
17784,0.0954264339523504,0.12754291118744743
17785,0.0953796846512196,0.12748983685759807
17786,0.0953329363807075,0.12743676149751326
17787,0.0952861891414305,0.12738368510661802
17788,0.09523944293400577,0.12733060768429183
17789,0.0951926977590396,0.12727752922991697
17790,0.0951459536171354,0.12722444974288838
17791,0.095099210508927,0.12717136922260397
17792,0.09505246843500592,0.1271182876684248
17793,0.09500572739601676,0.1270652050797646
17794,0.09495898739253816,0.12701212145597252
17795,0.09491224842520918,0.12695903679647647
17796,0.09486551049465086,0.12690595110063252
17797,0.09481877360146596,0.12685286436781829
17798,0.09477203774628595,0.12679977659743447
17799,0.09472530292970727,0.12674668778884657
17800,0.09467856915237127,0.1266935979414615
17801,0.0946318364148857,0.1266405070546327
17802,0.09458510471788595,0.12658741512775695
17803,0.09453837406197985,0.12653432216019445
17804,0.09449164444778957,0.12648122815133922
17805,0.09444491587594817,0.12642813310056966
17806,0.09439818834707947,0.12637503700724928
17807,0.09435146186178622,0.12632193987075546
17808,0.09430473642071602,0.1262688416904888
17809,0.09425801202448203,0.12621574246579637
17810,0.0942112886737323,0.12616264219606865
17811,0.09416456636905512,0.1261095408806523
17812,0.09411784511111654,0.12605643851896542
17813,0.09407112490052993,0.12600333511033546
17814,0.0940244057379126,0.12595023065415134
17815,0.09397768762392533,0.12589712514979856
17816,0.09393097055916233,0.12584401859660832
17817,0.09388425454428462,0.12579091099399442
17818,0.09383753957990149,0.12573780234128995
17819,0.0937908256666653,0.12568469263788962
17820,0.09374411280519312,0.1256315818831366
17821,0.09369740099613644,0.12557847007641743
17822,0.09365069024011163,0.12552535721707625
17823,0.09360398053777708,0.1254722433045008
17824,0.09355727188973084,0.12541912833802715
17825,0.09351056429665594,0.12536601231706435
17826,0.09346385775916422,0.1253128952409216
17827,0.09341715227790415,0.12525977710898983
17828,0.0933704478535039,0.12520665792062025
17829,0.09332374448661573,0.12515353767518633
17830,0.09327704217785837,0.12510041637203118
17831,0.09323034092790772,0.12504729401054182
17832,0.09318364073738616,0.12499417059003604
17833,0.09313694160693509,0.12494104610989354
17834,0.09309024353719919,0.12488792056947295
17835,0.0930435465288334,0.12483479396813024
17836,0.09299685058246243,0.12478166630520748
17837,0.09295015569875453,0.12472853758008384
17838,0.09290346187833953,0.12467540779208641
17839,0.09285676912188079,0.12462227694058814
17840,0.09281007743000691,0.12456914502492145
17841,0.09276338680338536,0.12451601204446294
17842,0.09271669724264642,0.12446287799854094
17843,0.09267000874846354,0.12440974288652717
17844,0.09262332132147977,0.12435660670774495
17845,0.09257663496233082,0.12430346946155257
17846,0.09252994967169426,0.12425033114731643
17847,0.09248326545019547,0.12419719176435284
17848,0.09243658229851504,0.12414405131204342
17849,0.09238990021729643,0.12409090978970139
17850,0.09234321920720012,0.12403776719668558
17851,0.09229653926886305,0.12398462353233397
17852,0.09224986040296546,0.12393147879601207
17853,0.09220318261015537,0.12387833298703643
17854,0.09215650589109847,0.12382518610475968
17855,0.09210983024645336,0.12377203814851534
17856,0.09206315567686285,0.12371888911764461
17857,0.09201648218300496,0.12366573901150624
17858,0.09196980976553948,0.12361258782942008
17859,0.09192313842512168,0.12355943557072557
17860,0.0918764681624219,0.12350628223476912
17861,0.09182979897810384,0.12345312782087836
17862,0.09178313087282386,0.12339997232838984
17863,0.09173646384726108,0.12334681575664863
17864,0.09168979790207377,0.12329365810497128
17865,0.09164313303793403,0.12324049937270232
17866,0.09159646925549148,0.1231873395591675
17867,0.09154980655543588,0.12313417866372012
17868,0.09150314493842471,0.12308101668566707
17869,0.09145648440513199,0.12302785362435209
17870,0.09140982495624539,0.12297468947910128
17871,0.09136316659240806,0.12292152424922076
17872,0.0913165093143089,0.12286835793407569
17873,0.09126985312260338,0.12281519053297207
17874,0.09122319801798917,0.12276202204525699
17875,0.09117654400112896,0.12270885247022967
17876,0.09112989107271041,0.12265568180722819
17877,0.09108323923338923,0.12260251005556178
17878,0.09103658848384999,0.12254933721458039
17879,0.09098993882478601,0.12249616328359592
17880,0.09094329025686587,0.12244298826191247
17881,0.09089664278076459,0.12238981214886313
17882,0.09084999639715652,0.12233663494377323
17883,0.09080335110673021,0.1222834566459694
17884,0.09075670691017435,0.12223027725476054
17885,0.09071006380816693,0.12217709676945776
17886,0.09066342180138609,0.12212391518938259
17887,0.09061678089052261,0.1220707325138588
17888,0.09057014107625871,0.12201754874219262
17889,0.09052350235928386,0.12196436387370257
17890,0.09047686474028438,0.12191117790769856
17891,0.09043022821994551,0.12185799084349358
17892,0.09038359279894315,0.12180480268040295
17893,0.09033695847799728,0.12175161341775276
17894,0.09029032525776504,0.12169842305481571
17895,0.09024369313896219,0.1216452315909421
17896,0.09019706212225753,0.12159203902541027
17897,0.09015043220836205,0.12153884535755588
17898,0.09010380339796376,0.12148565058666372
17899,0.09005717569176064,0.12143245471204733
17900,0.09001054909043638,0.1213792577330054
17901,0.08996392359468497,0.12132605964885856
17902,0.08991729920521463,0.12127286045891106
17903,0.08987067592272302,0.12121966016245334
17904,0.08982405374789626,0.12116645875878673
17905,0.08977743268145066,0.12111325624722669
17906,0.08973081272406647,0.12106005262705422
17907,0.08968419387645399,0.12100684789759142
17908,0.08963757613931889,0.12095364205812698
17909,0.08959095951335605,0.12090043510795323
17910,0.08954434399926603,0.1208472270463764
17911,0.08949772959776814,0.12079401787269606
17912,0.08945111630954838,0.12074080758618977
17913,0.08940450413532675,0.12068759618617553
17914,0.08935789307580544,0.12063438367192814
17915,0.08931128313168235,0.12058117004274838
17916,0.0892646743036829,0.12052795529793814
17917,0.08921806659248888,0.12047473943676967
17918,0.08917145999883469,0.12042152245856419
17919,0.08912485452342445,0.12036830436258417
17920,0.08907825016697024,0.12031508514812383
17921,0.08903164693018306,0.12026186481447443
17922,0.08898504481376501,0.12020864336092141
17923,0.0889384438184434,0.12015542078676589
17924,0.08889184394494276,0.12010219709127723
17925,0.08884524519397341,0.12004897227372924
17926,0.08879864756622746,0.11999574633341192
17927,0.08875205106242956,0.11994251926963806
17928,0.088705455683316,0.11988929108168023
17929,0.08865886142960266,0.11983606176879924
17930,0.08861226830200053,0.11978283133027912
17931,0.08856567630123036,0.11972959976541064
17932,0.08851908542802434,0.11967636707347162
17933,0.08847249568309434,0.11962313325372809
17934,0.08842590706716913,0.1195698983054706
17935,0.08837931958097178,0.11951666222796875
17936,0.08833273322523705,0.119463425020498
17937,0.08828614800066203,0.11941018668232262
17938,0.08823956390800924,0.11935694721275047
17939,0.08819298094797101,0.11930370661101253
17940,0.0881463991213065,0.1192504648764211
17941,0.08809981842872128,0.11919722200821248
17942,0.08805323887097605,0.11914397800568499
17943,0.0880066604487656,0.1190907328680707
17944,0.08796008316284665,0.11903748659468305
17945,0.08791350701395384,0.11898423918475942
17946,0.08786693200280293,0.11893099063756363
17947,0.08782035813013822,0.11887774095238501
17948,0.087773785396693,0.11882449012847496
17949,0.08772721380319981,0.11877123816510193
17950,0.08768064335042391,0.11871798506153375
17951,0.08763407403906165,0.11866473081699802
17952,0.08758750586988051,0.11861147543080675
17953,0.08754093884361747,0.1185582189021871
17954,0.08749437296100293,0.11850496123040188
17955,0.08744780822278253,0.11845170241472269
17956,0.08740124462970322,0.11839844245440256
17957,0.08735468218250475,0.11834518134869332
17958,0.0873081208819192,0.11829191909685544
17959,0.08726156072872637,0.11823865569815895
17960,0.08721500172364183,0.1181853911518187
17961,0.08716844386742273,0.11813212545712215
17962,0.08712188716082492,0.11807885861331069
17963,0.08707533160458159,0.11802559061962703
17964,0.08702877719945601,0.11797232147534087
17965,0.08698222394618804,0.11791905117968571
17966,0.08693567184554163,0.11786577973192258
17967,0.08688912089825607,0.11781250713128655
17968,0.08684257110509208,0.11775923337703964
17969,0.08679602246680551,0.1177059584684178
17970,0.08674947498416341,0.11765268240466775
17971,0.08670292865789608,0.11759940518501699
17972,0.08665638348876936,0.11754612680874221
17973,0.0866098394775503,0.11749284727507292
17974,0.08656329662499473,0.11743956658324284
17975,0.08651675493185917,0.11738628473249424
17976,0.086470214398915,0.11733300172207106
17977,0.08642367502691384,0.11727971755120148
17978,0.08637713681661685,0.11722643221913309
17979,0.08633059976878876,0.11717314572510651
17980,0.08628406388420196,0.11711985806835512
17981,0.08623752916361216,0.11706656924810488
17982,0.08619099560778598,0.11701327926360283
17983,0.08614446321750702,0.11695998811408004
17984,0.08609793199353943,0.11690669579875124
17985,0.0860514019366303,0.1168534023168517
17986,0.08600487304757087,0.1168001076676386
17987,0.0859583453271261,0.1167468118503161
17988,0.08591181877606058,0.11669351486411972
17989,0.08586529339517301,0.11664021670828673
17990,0.08581876918520637,0.11658691738201254
17991,0.08577224614695511,0.11653361688455988
17992,0.0857257242811954,0.11648031521513036
17993,0.08567920358869263,0.11642701237294772
17994,0.08563268407023206,0.1163737083572477
17995,0.08558616572658895,0.1163204031672429
17996,0.08553964855854379,0.11626709680215885
17997,0.08549313256687874,0.11621378926121595
17998,0.08544661775237639,0.11616048054362893
17999,0.08540010411582766,0.11610717064861686
18000,0.0853535916579925,0.11605385957538461
18001,0.08530708037967827,0.11600054732317866
18002,0.08526057028165968,0.11594723389118533
18003,0.08521406136473053,0.11589391927863213
18004,0.08516755362967898,0.11584060348472425
18005,0.08512104707727652,0.1157872865086712
18006,0.08507454170832651,0.11573396834970606
18007,0.08502803752362942,0.11568064900702113
18008,0.08498153452395873,0.11562732847981427
18009,0.08493503271010616,0.11557400676731511
18010,0.08488853208288061,0.11552068386873227
18011,0.08484203264306567,0.11546735978325173
18012,0.08479553439146148,0.11541403451009324
18013,0.08474903732885752,0.11536070804845422
18014,0.08470254145605938,0.1153073803975474
18015,0.08465604677386862,0.11525405155656465
18016,0.08460955328307418,0.1152007215247024
18017,0.08456306098447541,0.11514739030117427
18018,0.0845165698788729,0.1150940578851809
18019,0.08447007996707157,0.1150407242759206
18020,0.08442359124989118,0.1149873894725888
18021,0.08437710372812501,0.11493405347436036
18022,0.08433061740257464,0.1148807162804456
18023,0.08428413227404541,0.11482737789004094
18024,0.08423764834334302,0.114774038302343
18025,0.08419116561127415,0.11472069751654623
18026,0.0841446840786646,0.1146673555318416
18027,0.08409820374630828,0.1146140123474021
18028,0.08405172461502641,0.11456066796243425
18029,0.08400524668563125,0.11450732237611716
18030,0.08395876995891483,0.1144539755876357
18031,0.08391229443573833,0.1144006275962034
18032,0.0838658201168655,0.11434727840094838
18033,0.08381934700313609,0.1142939280011177
18034,0.0837728750953759,0.11424057639586571
18035,0.08372640439439616,0.11418722358436473
18036,0.08367993490102354,0.1141338695658044
18037,0.08363346661604099,0.11408051433935662
18038,0.08358699954032123,0.11402715790424556
18039,0.08354053367466152,0.11397380025958792
18040,0.08349406901988254,0.11392044140459068
18041,0.08344760557682118,0.11386708133843282
18042,0.08340114334630422,0.11381372006027668
18043,0.08335468232913779,0.11376035756929237
18044,0.08330822252616432,0.1137069938646792
18045,0.08326176393821849,0.11365362894559061
18046,0.08321530656613574,0.11360026281118962
18047,0.08316885041071886,0.11354689546064145
18048,0.08312239547281663,0.11349352689314673
18049,0.0830759417532605,0.11344015710785416
18050,0.08302948925289844,0.11338678610393049
18051,0.08298303797255158,0.11333341388052642
18052,0.08293658791305913,0.11328004043682105
18053,0.0828901390752469,0.1132266657719766
18054,0.0828436914599735,0.11317328988516695
18055,0.08279724506807151,0.11311991277553068
18056,0.08275079990037237,0.11306653444223536
18057,0.08270435595772097,0.11301315488445107
18058,0.08265791324095983,0.11295977410133218
18059,0.08261147175094641,0.11290639209203412
18060,0.08256503148851946,0.1128530088556986
18061,0.08251859245450877,0.1127996243914865
18062,0.08247215464977986,0.11274623869857048
18063,0.08242571807515742,0.11269285177608146
18064,0.08237928273153228,0.11263946362319832
18065,0.08233284861971857,0.11258607423902178
18066,0.08228641574058604,0.11253268362274527
18067,0.08223998409496436,0.11247929177349436
18068,0.08219355368373382,0.11242589869044262
18069,0.08214712450774209,0.11237250437270452
18070,0.08210069656783303,0.11231910881943385
18071,0.08205426986486208,0.11226571202978874
18072,0.08200784439970465,0.11221231400291232
18073,0.08196142017321062,0.11215891473792605
18074,0.08191499718624051,0.11210551423398152
18075,0.08186857543965864,0.11205211249021796
18076,0.0818221549343191,0.11199870950576873
18077,0.08177573567108687,0.11194530527978153
18078,0.08172931765083857,0.11189189981139114
18079,0.08168290087442198,0.1118384930997185
18080,0.08163648534271306,0.11178508514391716
18081,0.08159007105657612,0.11173167594310918
18082,0.08154365801689945,0.11167826549643167
18083,0.08149724622453125,0.11162485380299092
18084,0.08145083568033618,0.11157144086194382
18085,0.08140442638520429,0.11151802667242539
18086,0.08135801834001533,0.11146461123354168
18087,0.08131161154561128,0.1114111945444124
18088,0.08126520600290565,0.11135777660420043
18089,0.08121880171274665,0.11130435741198419
18090,0.08117239867603776,0.11125093696692101
18091,0.08112599689362365,0.1111975152681024
18092,0.08107959636641815,0.11114409231468914
18093,0.08103319709528678,0.11109066810576007
18094,0.08098679908112472,0.11103724264045411
18095,0.08094040232478417,0.11098381591787165
18096,0.08089400682718595,0.11093038793716625
18097,0.08084761258918727,0.11087695869740888
18098,0.08080121961171116,0.11082352819774943
18099,0.08075482789560895,0.11077009643725588
18100,0.08070843744178402,0.11071666341508424
18101,0.08066204825113432,0.11066322913032745
18102,0.08061566032453626,0.11060979358208556
18103,0.08056927366289579,0.11055635676948528
18104,0.08052288826710674,0.1105029186916171
18105,0.08047650413805973,0.11044947934758786
18106,0.08043012127665006,0.11039603873650505
18107,0.08038373968377055,0.11034259685747516
18108,0.0803373593603226,0.1102891537096049
18109,0.0802909803072297,0.11023570929199222
18110,0.08024460252535592,0.11018226360370786
18111,0.0801982260156252,0.11012881664389518
18112,0.08015185077893738,0.1100753684116259
18113,0.08010547681619284,0.11002191890599922
18114,0.08005910412829997,0.10996846812611494
18115,0.08001273271616405,0.10991501607106546
18116,0.07996636258069878,0.10986156273994352
18117,0.07991999372280989,0.10980810813183417
18118,0.07987362614339932,0.10975465224583336
18119,0.079827259843395,0.1097011950810376
18120,0.07978089482370321,0.1096477366365185
18121,0.07973453108523343,0.1095942769113677
18122,0.07968816862889794,0.10954081590467779
18123,0.07964180745563176,0.10948735361553597
18124,0.07959544756633063,0.10943389004300286
18125,0.07954908896193158,0.10938042518618818
18126,0.07950273164333421,0.10932695904414846
18127,0.07945637561149455,0.1092734916159891
18128,0.07941002086729254,0.10922002290074628
18129,0.07936366741168766,0.10916655289754784
18130,0.07931731524557695,0.1091130816054271
18131,0.07927096436989911,0.10905960902349177
18132,0.07922461478558451,0.10900613515079982
18133,0.07917826649355175,0.10895265998642079
18134,0.07913191949475251,0.10889918352943728
18135,0.07908557379009395,0.10884570577889119
18136,0.0790392293805221,0.10879222673388189
18137,0.07899288626696588,0.10873874639345849
18138,0.07894654445034288,0.10868526475669338
18139,0.07890020393162678,0.10863178182267152
18140,0.07885386471173561,0.10857829759041104
18141,0.07880752679159786,0.10852481205899778
18142,0.07876119017216143,0.10847132522750369
18143,0.07871485485436869,0.10841783709498021
18144,0.07866852083916742,0.1083643476604822
18145,0.07862218812749122,0.10831085692306275
18146,0.07857585672028511,0.10825736488178817
18147,0.07852952661850565,0.10820387153571198
18148,0.07848319782310154,0.10815037688387741
18149,0.07843687033499847,0.10809688092533254
18150,0.07839054415517299,0.10804338365915767
18151,0.07834421928455337,0.10798988508436935
18152,0.07829789572410817,0.1079363852000429
18153,0.07825157347478429,0.10788288400520674
18154,0.07820525253754651,0.10782938149891441
18155,0.07815893291333098,0.1077758776801998
18156,0.07811261460311236,0.10772237254812866
18157,0.07806629760784567,0.10766886610172255
18158,0.0780199819284797,0.10761535834002756
18159,0.07797366756599378,0.10756184926209589
18160,0.0779273545213458,0.10750833886694455
18161,0.07788104279549568,0.10745482715361554
18162,0.07783473238939675,0.10740131412114928
18163,0.07778842330404623,0.10734779976859476
18164,0.07774211554037724,0.10729428409494712
18165,0.07769580909938134,0.10724076709928099
18166,0.0776495039820353,0.1071872487805986
18167,0.07760320018928113,0.10713372913792085
18168,0.07755689772211105,0.10708020817031294
18169,0.07751059658150283,0.10702668587677733
18170,0.0774642967684197,0.10697316225633491
18171,0.07741799828384588,0.10691963730802478
18172,0.07737170112878067,0.10686611103085963
18173,0.07732540530415732,0.10681258342383593
18174,0.07727911081098704,0.1067590544860304
18175,0.07723281765026058,0.10670552421642343
18176,0.07718652582293728,0.1066519926140227
18177,0.07714023533000447,0.10659845967787351
18178,0.07709394617247078,0.10654492540698712
18179,0.07704765835130012,0.10649138980034945
18180,0.07700137186750489,0.1064378528570018
18181,0.0769550867220451,0.10638431457592579
18182,0.07690880291593094,0.10633077495616639
18183,0.07686252045016262,0.10627723399671019
18184,0.07681623932571713,0.10622369169655421
18185,0.07676995954360555,0.10617014805472458
18186,0.07672368110481398,0.1061166030702072
18187,0.07667740401034195,0.10606305674201633
18188,0.07663112826120067,0.10600950906915219
18189,0.0765848538583691,0.10595596005060082
18190,0.07653858080286757,0.10590240968538711
18191,0.07649230909569149,0.10584885797248655
18192,0.07644603873784817,0.10579530491090439
18193,0.07639976973036211,0.10574175049963364
18194,0.076353502074198,0.10568819473764368
18195,0.07630723577040344,0.10563463762397907
18196,0.07626097081998673,0.10558107915758386
18197,0.07621470722394375,0.10552751933745008
18198,0.07616844498328945,0.10547395816258309
18199,0.07612218409906413,0.10542039563196781
18200,0.07607592457224444,0.10536683174455885
18201,0.07602966640386999,0.1053132664993861
18202,0.07598340959495864,0.10525969989540607
18203,0.07593715414653401,0.10520613193159845
18204,0.07589090005960586,0.10515256260694006
18205,0.0758446473352159,0.10509899192042282
18206,0.075798395974364,0.10504541987100047
18207,0.07575214597810398,0.1049918464576769
18208,0.07570589734744748,0.10493827167939274
18209,0.07565965008342235,0.10488469553513913
18210,0.07561340418706597,0.1048311180238869
18211,0.07556715965940186,0.10477753914459809
18212,0.07552091650146264,0.10472395889624897
18213,0.07547467471430447,0.10467037727780637
18214,0.0754284342989191,0.10461679428821025
18215,0.07538219525639245,0.10456320992647661
18216,0.07533595758774703,0.10450962419150867
18217,0.0752897212940069,0.10445603708228657
18218,0.07524348637623768,0.10440244859779024
18219,0.07519725283544254,0.10434885873694733
18220,0.07515102067271062,0.10429526749876239
18221,0.07510478988908786,0.10424167488213709
18222,0.07505856048558401,0.10418808088602405
18223,0.0750123324632812,0.1041344855094215
18224,0.07496610582321772,0.10408088875123878
18225,0.0749198805664314,0.10402729061044058
18226,0.07487365669400248,0.1039736910859912
18227,0.0748274342069748,0.1039200901768037
18228,0.07478121310639885,0.10386648788183583
18229,0.07473499339333634,0.10381288420003898
18230,0.07468877506884386,0.10375927913034755
18231,0.07464255813399545,0.10370567267170738
18232,0.07459634258983605,0.10365206482303935
18233,0.07455012843743158,0.10359845558330194
18234,0.07450391567786463,0.10354484495142935
18235,0.0744577043121758,0.10349123292633244
18236,0.07441149434146044,0.1034376195069765
18237,0.07436528576676671,0.10338400469226072
18238,0.0743190785891712,0.1033303884811394
18239,0.07427287280975492,0.10327677087253462
18240,0.07422666842958059,0.10322315186536368
18241,0.07418046544974488,0.10316953145856467
18242,0.07413426387129085,0.10311590965103634
18243,0.07408806369531606,0.10306228644174176
18244,0.07404186492291476,0.10300866182957857
18245,0.07399566755514297,0.10295503581344934
18246,0.0739494715931146,0.10290140839230388
18247,0.0739032770378717,0.1028477795650189
18248,0.07385708389052836,0.10279414933056275
18249,0.07381089215217529,0.10274051768781256
18250,0.07376470182389094,0.10268688463567832
18251,0.07371851290677112,0.10263325017308256
18252,0.07367232540190627,0.10257961429892848
18253,0.07362613931038975,0.10252597701212418
18254,0.07357995463332512,0.10247233831157576
18255,0.0735337713718035,0.10241869819617788
18256,0.07348758952691792,0.10236505666484008
18257,0.07344140909976982,0.1023114137164699
18258,0.07339523009147064,0.10225776934996411
18259,0.07334905250311818,0.1022041235642096
18260,0.07330287633581922,0.10215047635810848
18261,0.07325670159068198,0.10209682773055273
18262,0.07321052826879393,0.10204317768043347
18263,0.07316435637129326,0.1019895262066669
18264,0.07311818589927666,0.1019358733081076
18265,0.07307201685385611,0.10188221898366134
18266,0.07302584923615651,0.10182856323221667
18267,0.07297968304727664,0.10177490605264394
18268,0.07293351828834982,0.1017212474438488
18269,0.07288735496048848,0.10166758740469317
18270,0.07284119306480485,0.10161392593406549
18271,0.07279503260244546,0.10156026303085519
18272,0.07274887357450821,0.10150659869390843
18273,0.07270271598214584,0.10145293292213353
18274,0.07265655982644714,0.10139926571437041
18275,0.07261040510858474,0.10134559706953838
18276,0.07256425182964543,0.10129192698645417
18277,0.07251809999079195,0.10123825546404042
18278,0.07247194959314307,0.10118458250112639
18279,0.07242580063784487,0.1011309080965953
18280,0.07237965312603512,0.10107723224929821
18281,0.07233350705883479,0.101023554958097
18282,0.07228736243739775,0.10096987622187459
18283,0.07224121926286098,0.10091619603947222
18284,0.07219507753637522,0.10086251440975247
18285,0.07214893725907945,0.10080883133156382
18286,0.07210279843212564,0.10075514680376652
18287,0.07205666105664743,0.10070146082520814
18288,0.07201052513381168,0.1006477733947565
18289,0.07196439066476035,0.10059408451124052
18290,0.07191825765065274,0.10054039417352001
18291,0.07187212609264582,0.10048670238043289
18292,0.07182599599187744,0.10043300913082209
18293,0.07177986734952402,0.10037931442355208
18294,0.0717337401667516,0.10032561825744202
18295,0.07168761444470084,0.10027192063132362
18296,0.07164149018454946,0.10021822154406101
18297,0.07159536738745631,0.1001645209944717
18298,0.07154924605459168,0.10011081898139718
18299,0.07150312618712507,0.10005711550366703
18300,0.07145700778622333,0.10000341056010886
18301,0.07141089085306085,0.0999497041495574
18302,0.07136477538879982,0.09989599627083612
18303,0.07131866139463927,0.09984228692278485
18304,0.07127254887173695,0.09978857610419833
18305,0.07122643782126659,0.09973486381392216
18306,0.07118032824442955,0.09968115005078393
18307,0.07113422014239412,0.09962743481357517
18308,0.07108811351634325,0.09957371810113069
18309,0.07104200836747365,0.09951999991226779
18310,0.07099590469696115,0.09946628024578563
18311,0.07094980250599603,0.09941255910051039
18312,0.07090370179576877,0.09935883647525012
18313,0.07085760256747653,0.09930511236881412
18314,0.07081150482230847,0.09925138678000389
18315,0.07076540856146707,0.09919765970763006
18316,0.07071931378614837,0.09914393115048725
18317,0.07067322049754599,0.09909020110738043
18318,0.07062712869688104,0.09903646957711565
18319,0.07058103838532381,0.0989827365584669
18320,0.07053494956409301,0.09892900205026989
18321,0.07048886223440465,0.09887526605130248
18322,0.07044277639746077,0.0988215285603451
18323,0.07039669205447252,0.09876778957619814
18324,0.07035060920664371,0.09871404909764714
18325,0.07030452785519659,0.09866030712349028
18326,0.07025844800134395,0.09860656365250264
18327,0.07021236964630928,0.09855281868347099
18328,0.07016629279130637,0.09849907221517018
18329,0.07012021743755348,0.09844532424638575
18330,0.07007414358627162,0.09839157477590066
18331,0.07002807123869292,0.09833782380249223
18332,0.06998200039603131,0.09828407132492611
18333,0.069935931059534,0.09823031734198984
18334,0.06988986323041935,0.09817656185243306
18335,0.06984379690991216,0.09812280485503655
18336,0.06979773209925233,0.09806904634857772
18337,0.06975166879968142,0.09801528633181433
18338,0.06970560701243134,0.09796152480350206
18339,0.06965954673874797,0.09790776176241023
18340,0.06961348797985245,0.09785399720728982
18341,0.06956743073701599,0.09780023113692382
18342,0.0695213750114545,0.09774646355003358
18343,0.06947532080442997,0.09769269444540762
18344,0.06942926811718164,0.09763892382178185
18345,0.06938321695098593,0.09758515167791681
18346,0.06933716730706418,0.09753137801252965
18347,0.06929111918668651,0.09747760282440543
18348,0.06924507259108936,0.09742382611226852
18349,0.0691990275215576,0.0973700478748869
18350,0.06915298397932834,0.09731626811096794
18351,0.06910694196568545,0.09726248681927996
18352,0.06906090148186539,0.09720870399853188
18353,0.06901486252915201,0.09715491964749301
18354,0.06896882510881519,0.09710113376487461
18355,0.06892278922210127,0.09704734634940548
18356,0.06887675487029976,0.09699355739984228
18357,0.0688307220546891,0.09693976691489192
18358,0.06878469077652172,0.09688597489327233
18359,0.06873866103710058,0.09683218133373706
18360,0.06869263283768035,0.0967783862349747
18361,0.06864660617956131,0.09672458959573593
18362,0.06860058106399369,0.0966707914147148
18363,0.06855455749230754,0.09661699169066806
18364,0.06850853546576074,0.09656319042225403
18365,0.06846251498564437,0.0965093876082197
18366,0.06841649605324518,0.09645558324727344
18367,0.06837047866986179,0.09640177733812749
18368,0.06832446283678806,0.09634796987948246
18369,0.06827844855533471,0.09629416087004206
18370,0.06823243582676253,0.09624035030849121
18371,0.0681864246524092,0.09618653819357792
18372,0.0681404150335464,0.0961327245239545
18373,0.06809440697150415,0.09607890929835472
18374,0.06804840046755889,0.09602509251544233
18375,0.0680023955230521,0.09597127417394646
18376,0.06795639213927729,0.09591745427251763
18377,0.06791039031753843,0.09586363280986376
18378,0.06786439005916112,0.09580980978468268
18379,0.06781839136545065,0.09575598519564588
18380,0.0677723942377354,0.09570215904144808
18381,0.06772639867732977,0.09564833132075867
18382,0.06768040468556324,0.09559450203226305
18383,0.06763441226375289,0.09554067117462861
18384,0.06758842141321375,0.09548683874654063
18385,0.06754243213529099,0.09543300474668392
18386,0.06749644443131386,0.09537916917370914
18387,0.06745045830259921,0.09532533202628579
18388,0.06740447375050374,0.09527149330310003
18389,0.06735849077632827,0.09521765300278906
18390,0.06731250938145639,0.09516381112405858
18391,0.06726652956719292,0.09510996766551472
18392,0.06722055133489857,0.09505612262585839
18393,0.06717457468591048,0.0950022760037248
18394,0.06712859962157092,0.09494842779777724
18395,0.06708262614324156,0.09489457800667311
18396,0.06703665425225436,0.09484072662904686
18397,0.06699068394997254,0.09478687366357041
18398,0.06694471523775003,0.09473301910887666
18399,0.0668987481169454,0.09467916296361034
18400,0.06685278258890714,0.09462530522641222
18401,0.06680681865501503,0.09457144589593514
18402,0.06676085631661699,0.09451758497079432
18403,0.0667148955750857,0.09446372244964352
18404,0.06666893643178318,0.09440985833110749
18405,0.06662297888808777,0.09435599261382488
18406,0.06657702294535917,0.09430212529641457
18407,0.06653106860497471,0.09424825637751755
18408,0.0664851158683123,0.09419438585575546
18409,0.06643916473674549,0.09414051372974863
18410,0.06639321521165764,0.09408663999812306
18411,0.06634726729442475,0.09403276465949528
18412,0.06630132098644548,0.09397888771248819
18413,0.06625537628909262,0.0939250091556989
18414,0.06620943320376704,0.09387112898775696
18415,0.06616349173185598,0.09381724720725815
18416,0.06611755187473456,0.09376336381281425
18417,0.06607161363382519,0.09370947880305369
18418,0.06602567701049533,0.09365559217654718
18419,0.0659797420061814,0.09360170393193235
18420,0.06593380862225007,0.09354781406776358
18421,0.06588787686012343,0.09349392258268097
18422,0.06584194672120047,0.09344002947525798
18423,0.06579601820690084,0.09338613474409507
18424,0.06575009131862175,0.09333223838776994
18425,0.06570416605777374,0.09327834040488658
18426,0.06565824242579699,0.09322444079403547
18427,0.06561232042407117,0.0931705395537673
18428,0.06556640005404757,0.0931166366827113
18429,0.0655204813171204,0.09306273217940775
18430,0.06547456421474207,0.09300882604246774
18431,0.06542864874832266,0.09295491827043045
18432,0.06538273491928881,0.09290100886188923
18433,0.0653368227290766,0.092847097815417
18434,0.06529091217911331,0.09279318512957424
18435,0.06524500327084193,0.09273927080293454
18436,0.06519909600567453,0.09268535483405249
18437,0.06515319038509948,0.09263143722152001
18438,0.06510728641050789,0.09257751796383618
18439,0.06506138408337847,0.09252359705962199
18440,0.0650154834051333,0.09246967450738752
18441,0.06496958437724809,0.09241575030571714
18442,0.0649236870011477,0.09236182445312646
18443,0.06487779127831095,0.09230789694819663
18444,0.06483189721015115,0.09225396778944117
18445,0.06478600479816876,0.09220003697545609
18446,0.06474011404380509,0.09214610450472926
18447,0.06469422494852839,0.09209217037582285
18448,0.06464833751380061,0.09203823458726679
18449,0.0646024517411018,0.09198429713759837
18450,0.06455656763186768,0.09193035802533234
18451,0.0645106851876045,0.09187641724904172
18452,0.06446480440977154,0.09182247480721006
18453,0.06441892529984106,0.09176853069838009
18454,0.06437304785931597,0.0917145849210802
18455,0.06432717208963334,0.09166063747379982
18456,0.06428129799231763,0.09160668835511343
18457,0.06423542556884887,0.09155273756348248
18458,0.06418955482068922,0.09149878509742937
18459,0.06414368574935247,0.09144483095549671
18460,0.06409781835633555,0.09139087513616428
18461,0.0640519526431127,0.09133691763793295
18462,0.06400608861120194,0.0912829584593321
18463,0.06396022626207776,0.09122899759883774
18464,0.0639143655972837,0.09117503505498104
18465,0.06386850661828691,0.0911210708262069
18466,0.06382264932661619,0.09106710491105707
18467,0.06377679372377609,0.09101313730799543
18468,0.06373093981126698,0.09095916801551818
18469,0.06368508759063063,0.0909051970321263
18470,0.0636392370633635,0.09085122435627135
18471,0.06359338823097671,0.09079724998646022
18472,0.0635475410950288,0.0907432739211822
18473,0.06350169565700658,0.09068929615886911
18474,0.0634558519184566,0.09063531669804215
18475,0.06341000988090639,0.09058133553714909
18476,0.06336416954588231,0.09052735267466239
18477,0.06331833091492522,0.09047336810905438
18478,0.06327249398956047,0.09041938183878295
18479,0.0632266587713417,0.09036539386232256
18480,0.0631808252618129,0.090311404178117
18481,0.06313499346249785,0.09025741278461985
18482,0.06308916337497128,0.09020341968031131
18483,0.06304333500076775,0.09014942486360811
18484,0.06299750834143147,0.09009542833297923
18485,0.06295168339853185,0.09004143008688048
18486,0.06290586017361588,0.08998743012373744
18487,0.06286003866825451,0.08993342844200469
18488,0.06281421888399519,0.08987942504010793
18489,0.06276840082240986,0.08982541991650073
18490,0.06272258448507828,0.08977141306961
18491,0.06267676987355197,0.08971740449784982
18492,0.06263095698940424,0.08966339419967329
18493,0.06258514583421704,0.08960938217350534
18494,0.06253933640957432,0.08955536841776102
18495,0.062493528717049385,0.08950135293085337
18496,0.062447722758230295,0.08944733571121
18497,0.06240191853468002,0.08939331675724038
18498,0.062356116048007504,0.08933929606738611
18499,0.06231031529980413,0.0892852736400308
18500,0.06226451629165519,0.08923124947358207
18501,0.06221871902515885,0.08917722356645541
18502,0.06217292350192738,0.08912319591705109
18503,0.06212712972353196,0.08906916652375241
18504,0.06208133769161095,0.08901513538499328
18505,0.06203554740773409,0.08896110249912714
18506,0.061989758873537304,0.08890706786459057
18507,0.06194397209063496,0.08885303147974033
18508,0.06189818706061412,0.08879899334295993
18509,0.06185240378511203,0.08874495345266831
18510,0.061806622265751066,0.08869091180722133
18511,0.0617608425041446,0.0886368684049953
18512,0.06171506450192343,0.0885828232443776
18513,0.0616692882607206,0.0885287763237349
18514,0.06162351378214259,0.08847472764143027
18515,0.061577741067848524,0.08842067719586422
18516,0.06153197011947564,0.08836662498536818
18517,0.061486200938624114,0.08831257100830381
18518,0.06144043352698958,0.08825851526307826
18519,0.06139466788616943,0.08820445774798324
18520,0.06134890401784887,0.08815039846143014
18521,0.06130314192365538,0.08809633740172351
18522,0.06125738160523775,0.08804227456723923
18523,0.061211623064265974,0.08798820995632839
18524,0.061165866302389627,0.0879341435673171
18525,0.061120111321266046,0.08788007539855514
18526,0.06107435812255957,0.08782600544838537
18527,0.06102860670795318,0.08777193371514169
18528,0.060982857079091346,0.08771786019713546
18529,0.06093710923766249,0.08766378489272753
18530,0.06089136318534116,0.08760970780022392
18531,0.06084561892378881,0.08755562891794777
18532,0.0607998764547093,0.08750154824424183
18533,0.060754135779766405,0.08744746577739415
18534,0.06070839690064833,0.08739338151574394
18535,0.06066265981905927,0.0873392954576021
18536,0.060616924536682326,0.08728520760125802
18537,0.06057119105519748,0.08723111794503047
18538,0.060525459376320256,0.08717702648724102
18539,0.060479729501749624,0.08712293322616915
18540,0.060434001433174234,0.08706883816011379
18541,0.06038827517231793,0.08701474128738884
18542,0.060342550720874244,0.08696064260626479
18543,0.06029682808056436,0.08690654211505044
18544,0.060251107253111,0.08685243981202084
18545,0.06020538824021271,0.08679833569545004
18546,0.060159671043600094,0.08674422976364304
18547,0.06011395566499245,0.08669012201486415
18548,0.060068242106130154,0.08663601244739427
18549,0.0600225303687123,0.08658190105948915
18550,0.05997682045450459,0.08652778784945425
18551,0.05993111236522575,0.08647367281551521
18552,0.05988540610260684,0.08641955595595552
18553,0.059839701668411016,0.08636543726904433
18554,0.05979399906436711,0.08631131675301174
18555,0.059748298292221724,0.08625719440613133
18556,0.05970259935371913,0.08620307022665519
18557,0.05965690225062781,0.08614894421283881
18558,0.05961120698470124,0.08609481636290783
18559,0.05956551355768902,0.08604068667510922
18560,0.05951982197135108,0.08598655514769404
18561,0.05947413222747566,0.08593242177890081
18562,0.05942844432779604,0.0858782865669343
18563,0.0593827582741131,0.08582414951006789
18564,0.05933707406819577,0.08577001060649314
18565,0.05929139171179787,0.08571586985443924
18566,0.05924571120673028,0.08566172725215848
18567,0.0592000325547557,0.08560758279782943
18568,0.059154355757673915,0.08555343648969427
18569,0.05910868081726228,0.08549928832594689
18570,0.059063007735322914,0.0854451383048126
18571,0.05901733651364993,0.08539098642448584
18572,0.05897166715404034,0.0853368326831696
18573,0.05892599965829359,0.08528267707906778
18574,0.05888033402822368,0.08522851961037814
18575,0.058834670265616174,0.08517436027528458
18576,0.05878900837231349,0.08512019907200474
18577,0.05874334835011663,0.08506603599868734
18578,0.058697690200825825,0.08501187105353236
18579,0.05865203392629614,0.08495770423474325
18580,0.058606379528320596,0.08490353554045504
18581,0.058560727008742486,0.08484936496887929
18582,0.05851507636938813,0.08479519251816858
18583,0.05846942761208529,0.08474101818649615
18584,0.058423780738678266,0.08468684197203291
18585,0.05837813575101325,0.08463266387293178
18586,0.05833249265092444,0.08457848388734379
18587,0.0582868514402477,0.08452430201343486
18588,0.05824121212084643,0.08447011824936967
18589,0.05819557469457015,0.08441593259328095
18590,0.05814993916327704,0.08436174504331684
18591,0.0581043055288184,0.08430755559761816
18592,0.05805867379306329,0.08425336425433472
18593,0.05801304395788753,0.08419917101159247
18594,0.057967416025140994,0.08414497586751202
18595,0.05792178999670916,0.08409077882024729
18596,0.0578761658744521,0.08403657986790702
18597,0.057830543660271516,0.08398237900863403
18598,0.05778492335602903,0.08392817624051929
18599,0.05773930496362156,0.08387397156170462
18600,0.05769368848493095,0.08381976497028842
18601,0.05764807392186677,0.08376555646438932
18602,0.05760246127629842,0.08371134604209074
18603,0.05755685055012849,0.08365713370152938
18604,0.05751124174528055,0.0836029194408
18605,0.05746563486364875,0.08354870325797137
18606,0.057420029907141346,0.08349448515115065
18607,0.05737442687765526,0.08344026511842806
18608,0.0573288257771386,0.0833860431579092
18609,0.057283226607483195,0.08333181926763589
18610,0.05723762937063104,0.08327759344572183
18611,0.057192034068493935,0.08322336569021771
18612,0.05714644070299968,0.08316913599921494
18613,0.057100849276096044,0.08311490437078306
18614,0.05705525978969761,0.0830606708029693
18615,0.05700967224577369,0.08300643529386331
18616,0.05696408664624142,0.08295219784148611
18617,0.056918502993066555,0.08289795844392522
18618,0.056872921288167566,0.08284371709920846
18619,0.05682734153353053,0.0827894738054239
18620,0.05678176373111121,0.0827352285605758
18621,0.05673618788284984,0.08268098136270641
18622,0.056690613990727834,0.08262673220987848
18623,0.05664504205670262,0.0825724811001054
18624,0.05659947208275162,0.08251822803143072
18625,0.056553904070847816,0.0824639730018728
18626,0.056508338022958626,0.0824097160094579
18627,0.05646277394109067,0.08235545705221892
18628,0.056417211827204605,0.08230119612814268
18629,0.05637165168330793,0.08224693323527088
18630,0.056326093511360864,0.08219266837159134
18631,0.05628053731341287,0.08213840153514929
18632,0.05623498309141595,0.08208413272388071
18633,0.056189430847404354,0.08202986193584227
18634,0.0561438805833524,0.08197558916899206
18635,0.05609833230130823,0.08192131442136097
18636,0.056052786003260247,0.08186703769089021
18637,0.05600724169123794,0.0818127589755957
18638,0.05596169936725559,0.08175847827344318
18639,0.05591615903334124,0.0817041955824187
18640,0.05587062069153281,0.08164991090049112
18641,0.0558250843438437,0.08159562422561906
18642,0.05577954999232104,0.08154133555579135
18643,0.05573401763901209,0.08148704488895686
18644,0.05568848728595377,0.08143275222306401
18645,0.05564295893518201,0.08137845755607664
18646,0.05559743258876382,0.08132416088595962
18647,0.055551908248748116,0.08126986221063903
18648,0.055506385917195034,0.08121556152806664
18649,0.05546086559616947,0.08116125883617964
18650,0.055415347287729344,0.08110695413291036
18651,0.05536983099394255,0.08105264741620177
18652,0.055324316716893085,0.08099833868398432
18653,0.05527880445866351,0.080944027934169
18654,0.055233294221325724,0.0808897151646707
18655,0.05518778600694907,0.08083540037341752
18656,0.05514227981765507,0.08078108355834213
18657,0.05509677565551774,0.08072676471731322
18658,0.05505127352263084,0.08067244384825978
18659,0.05500577342110158,0.08061812094908671
18660,0.05496027535303938,0.08056379601768227
18661,0.05491477932054101,0.08050946905193479
18662,0.05486928532572766,0.08045514004974852
18663,0.054823793370709084,0.08040080900899715
18664,0.0547783034575996,0.0803464759275716
18665,0.05473281558853782,0.08029214080335634
18666,0.05468732976565438,0.08023780363420707
18667,0.05464184599106636,0.08018346441799029
18668,0.05459636426691261,0.08012912315259124
18669,0.05455088459532409,0.08007477983586764
18670,0.05450540697847128,0.08002043446568952
18671,0.0544599314184786,0.07996608703987662
18672,0.05441445791750954,0.07991173755630898
18673,0.05436898647770538,0.07985738601281767
18674,0.05432351710123973,0.07980303240726361
18675,0.05427804979027495,0.07974867673746722
18676,0.054232584546967555,0.07969431900126467
18677,0.054187121373506786,0.07963995919649969
18678,0.05414166027204981,0.07958559732097692
18679,0.05409620124479053,0.0795312333725422
18680,0.05405074429390466,0.07947686734899528
18681,0.054005289421589886,0.07942249924816103
18682,0.053959836630030567,0.07936812906783697
18683,0.05391438592140996,0.07931375680583819
18684,0.05386893729795639,0.07925938245998376
18685,0.05382349076185444,0.0792050060280346
18686,0.05377804631532024,0.07915062750781077
18687,0.053732603960573444,0.07909624689709094
18688,0.05368716369981241,0.07904186419365133
18689,0.05364172553526536,0.07898747939529782
18690,0.05359628946916395,0.07893309249979641
18691,0.05355085550373917,0.0788787035049131
18692,0.05350542364121813,0.07882431240841303
18693,0.05345999388383205,0.07876991920807008
18694,0.053414566233837446,0.07871552390165137
18695,0.053369140693477646,0.07866112648689494
18696,0.05332371726499496,0.07860672696155624
18697,0.053278295950647925,0.07855232532339296
18698,0.05323287675269284,0.07849792157014346
18699,0.0531874596734081,0.07844351569954955
18700,0.05314204471505235,0.07838910770932639
18701,0.05309663187989011,0.07833469759721734
18702,0.05305122117020977,0.07828028536095544
18703,0.05300581258827464,0.07822587099824863
18704,0.05296040613638131,0.07817145450683494
18705,0.05291500181683362,0.07811703588441243
18706,0.05286959963189852,0.07806261512867241
18707,0.05282419958388673,0.07800819223735111
18708,0.05277880167510207,0.07795376720813352
18709,0.05273340590784814,0.07789934003871246
18710,0.052688012284433206,0.07784491072678379
18711,0.05264262080719351,0.07779047927003724
18712,0.05259723147842299,0.07773604566612824
18713,0.05255184430045301,0.07768160991276929
18714,0.05250645927562625,0.07762717200762315
18715,0.052461076406256524,0.07757273194834224
18716,0.05241569569469706,0.0775182897326151
18717,0.05237031714329088,0.0774638453580826
18718,0.05232494075437555,0.07740939882239961
18719,0.052279566530302746,0.07735495012322802
18720,0.0522341944734418,0.07730049925821447
18721,0.052188824586133054,0.07724604622498288
18722,0.05214345687075095,0.07719159102119744
18723,0.052098091329677576,0.07713713364447683
18724,0.05205272796527349,0.07708267409243541
18725,0.052007366779928677,0.07702821236271284
18726,0.05196200777601323,0.07697374845291372
18727,0.05191665095590492,0.07691928236067036
18728,0.051871296322035354,0.07686481408360357
18729,0.051825943876775415,0.07681034361927086
18730,0.05178059362252463,0.07675587096530467
18731,0.05173524556170617,0.0767013961193046
18732,0.051689899696716,0.07664691907883969
18733,0.05164455602997953,0.07659243984151709
18734,0.05159921456391647,0.07653795840490596
18735,0.05155387530094635,0.07648347476658413
18736,0.051508538243512314,0.0764289889241313
18737,0.05146320339403754,0.07637450087509878
18738,0.0514178707549684,0.0763200106170635
18739,0.051372540328736616,0.07626551814757587
18740,0.051327212117813215,0.07621102346420483
18741,0.05128188612463547,0.07615652656447103
18742,0.05123656235168039,0.07610202744593886
18743,0.05119124080139548,0.07604752610612475
18744,0.05114592147624897,0.07599302254258189
18745,0.05110060437872155,0.0759385167528408
18746,0.05105528951128824,0.07588400873441647
18747,0.05100997687642961,0.07582949848483211
18748,0.05096466647664999,0.07577498600160482
18749,0.05091935831442951,0.07572047128222326
18750,0.05087405239227005,0.07566595432420886
18751,0.05082874871266552,0.07561143512505608
18752,0.05078344727813722,0.07555691368227069
18753,0.050738148091180824,0.07550238999332504
18754,0.050692851154340524,0.07544786405572668
18755,0.05064755647011587,0.07539333586692043
18756,0.05060226404104351,0.07533880542441107
18757,0.05055697386966118,0.07528427272565674
18758,0.05051168595849509,0.07522973776811603
18759,0.05046640031010774,0.07517520054926274
18760,0.05042111692701334,0.07512066106652704
18761,0.05037583581180238,0.07506611931740137
18762,0.05033055696701638,0.07501157529928204
18763,0.050285280395218734,0.07495702900962964
18764,0.05024000609898205,0.074902480445878
18765,0.05019473408087105,0.07484792960545039
18766,0.050149464343475336,0.07479337648578277
18767,0.050104196889363406,0.0747388210842792
18768,0.05005893172114684,0.07468426339837253
18769,0.05001366884140246,0.07462970342544262
18770,0.04996840825273752,0.07457514116291464
18771,0.049923149957752266,0.07452057660817712
18772,0.049877893959064945,0.07446600975862716
18773,0.0498326402592868,0.07441144061164207
18774,0.049787388861033066,0.07435686916460904
18775,0.04974213976692299,0.0743022954149114
18776,0.04969689297960844,0.07424771935992891
18777,0.04965164850172055,0.07419314099700136
18778,0.04960640633589175,0.07413856032349653
18779,0.04956116648476949,0.07408397733678074
18780,0.049515928951012755,0.07402939203420444
18781,0.04947069373728219,0.07397480441310356
18782,0.04942546084622612,0.0739202144708142
18783,0.049380230280534065,0.07386562220468917
18784,0.04933500204285235,0.07381102761203062
18785,0.049289776135886254,0.0737564306901961
18786,0.0492445525623082,0.07370183143647169
18787,0.049199331324817464,0.07364722984818439
18788,0.049154112426099905,0.0735926259226296
18789,0.04910889586886524,0.07353801965712237
18790,0.049063681655808544,0.07348341104894651
18791,0.04901846978966007,0.07342880009540842
18792,0.04897326027312254,0.07337418679376873
18793,0.04892805310892112,0.07331957114132703
18794,0.048882848299798276,0.0732649531353542
18795,0.048837645848461175,0.07321033277310085
18796,0.048792445757684155,0.07315571005186539
18797,0.048747248030199475,0.07310108496886025
18798,0.04870205266874805,0.07304645752135419
18799,0.04865685967609035,0.07299182770660662
18800,0.04861166905499559,0.07293719552185252
18801,0.04856648080823944,0.07288256096431844
18802,0.048521294938581816,0.07282792403122318
18803,0.04847611144879915,0.07277328471980848
18804,0.04843093034169832,0.0727186430272947
18805,0.04838575162005487,0.07266399895086728
18806,0.04834057528666713,0.07260935248775102
18807,0.048295401344348954,0.0725547036351446
18808,0.04825022979589966,0.07250005239022839
18809,0.04820506064412622,0.07244539875020262
18810,0.04815989389186914,0.07239074271225832
18811,0.04811472954193352,0.07233608427354754
18812,0.04806956759717296,0.07228142343126742
18813,0.048024408060405976,0.07222676018255525
18814,0.04797925093449218,0.07217209452459472
18815,0.047934096222267186,0.07211742645451891
18816,0.0478889439265997,0.07206275596949319
18817,0.04784379405035022,0.07200808306664219
18818,0.047798646596383665,0.07195340774310166
18819,0.047753501567573076,0.071898729996005
18820,0.04770835896678716,0.07184404982247639
18821,0.0476632187969378,0.07178936721964635
18822,0.04761808106089571,0.07173468218459345
18823,0.047572945761562235,0.0716799947144483
18824,0.04752781290184993,0.07162530480630636
18825,0.047482682484658034,0.0715706124572496
18826,0.04743755451291354,0.07151591766437815
18827,0.047392428989541435,0.07146122042475855
18828,0.0473473059174524,0.07140652073546194
18829,0.04730218529959429,0.0713518185935792
18830,0.04725706713890587,0.07129711399615535
18831,0.047211951438331456,0.07124240694025008
18832,0.04716683820083434,0.0711876974229152
18833,0.04712172742937215,0.07113298544118152
18834,0.04707661912690142,0.07107827099208919
18835,0.047031513296389216,0.07102355407268057
18836,0.04698640994082903,0.07096883467998649
18837,0.04694130906320182,0.07091411281100579
18838,0.04689621066649474,0.07085938846275586
18839,0.046851114753710954,0.07080466163224597
18840,0.04680602132784151,0.07074993231646942
18841,0.04676093039191975,0.0706952005124345
18842,0.04671584194894918,0.07064046621709807
18843,0.04667075600194581,0.07058572942745645
18844,0.046625672553952224,0.07053099014049302
18845,0.04658059160800321,0.07047624835315769
18846,0.04653551316713278,0.07042150406241177
18847,0.04649043723438684,0.0703667572652219
18848,0.04644536381284381,0.07031200795853743
18849,0.04640029290554226,0.07025725613927136
18850,0.046355224515563176,0.07020250180438747
18851,0.046310158645979205,0.07014774495079934
18852,0.04626509529987066,0.07009298557542909
18853,0.04622003448032719,0.07003822367519463
18854,0.04617497619044819,0.06998345924700267
18855,0.046129920433312765,0.06992869228774878
18856,0.04608486721206573,0.06987392279435667
18857,0.04603981652981404,0.06981915076366707
18858,0.04599476838964889,0.06976437619257203
18859,0.0459497227947413,0.06970959907798613
18860,0.04590467974819956,0.06965481941672191
18861,0.045859639253182816,0.06960003720567531
18862,0.045814601312820113,0.06954525244167886
18863,0.045769565930283806,0.06949046512160562
18864,0.04572453310872626,0.0694356752422749
18865,0.04567950285133082,0.06938088280053323
18866,0.045634475161265065,0.06932608779319016
18867,0.04558945004171411,0.06927129021707668
18868,0.04554442749586973,0.06921649006900321
18869,0.04549940752692816,0.06916168734577421
18870,0.04545439013808983,0.06910688204419002
18871,0.045409375332583046,0.06905207416104675
18872,0.04536436311360359,0.06899726369310877
18873,0.045319353484396085,0.06894245063718207
18874,0.045274346448182845,0.06888763499001371
18875,0.0452293420081995,0.06883281674837916
18876,0.045184340167705006,0.06877799590904055
18877,0.04513934092995675,0.06872317246873205
18878,0.045094344298188704,0.06866834642419117
18879,0.04504935027570123,0.0686135177721875
18880,0.04500435886575771,0.06855868650940766
18881,0.04495937007164175,0.06850385263258785
18882,0.04491438389663727,0.06844901613844079
18883,0.04486940034405318,0.06839417702367934
18884,0.044824419417180295,0.06833933528498837
18885,0.04477944111933807,0.06828449091907607
18886,0.04473446545385584,0.06822964392261732
18887,0.044689492424044075,0.0681747942922758
18888,0.044644522033249534,0.0681199420247417
18889,0.04459955428479989,0.06806508711666015
18890,0.0445545891820619,0.06801022956470426
18891,0.04450962672837688,0.06795536936549673
18892,0.04446466692710693,0.06790050651569768
18893,0.04441970978164311,0.06784564101194013
18894,0.04437475529534629,0.06779077285082424
18895,0.04432980347160809,0.06773590202899027
18896,0.044284854313823785,0.06768102854304014
18897,0.044239907825395774,0.06762615238957437
18898,0.04419496400972811,0.06757127356518577
18899,0.044150022870247274,0.06751639206646842
18900,0.044105084410367645,0.0674615078899885
18901,0.04406014863352581,0.06740662103232975
18902,0.04401521554317345,0.06735173149005036
18903,0.04397028514273049,0.06729683925969154
18904,0.04392535743569237,0.06724194433783637
18905,0.043880432425483895,0.06718704672097331
18906,0.0438355101155915,0.0671321464056851
18907,0.04379059050949574,0.06707724338847632
18908,0.04374567361068782,0.06702233766586141
18909,0.04370075942265128,0.06696742923434396
18910,0.04365584794890087,0.06691251809043874
18911,0.04361093919293779,0.06685760423062281
18912,0.043566033158280226,0.06680268765139441
18913,0.043521129848469675,0.06674776834923013
18914,0.04347622926701489,0.06669284632057926
18915,0.04343133141747968,0.0666379215619366
18916,0.0433864363034141,0.06658299406972812
18917,0.0433415439283662,0.066528063840399
18918,0.043296654295903236,0.06647313087039952
18919,0.04325176740961678,0.06641819515615777
18920,0.043206883273070096,0.06636325669407361
18921,0.04316200188987196,0.06630831548058402
18922,0.043117123263607726,0.066253371512071
18923,0.04307224739789406,0.06619842478494897
18924,0.04302737429634018,0.0661434752955935
18925,0.042982503962578966,0.0660885230403937
18926,0.04293763640023396,0.06603356801570837
18927,0.04289277161295213,0.0659786102179124
18928,0.04284790960439022,0.06592364964335296
18929,0.04280305037818799,0.06586868628836595
18930,0.042758193938027045,0.06581372014931275
18931,0.042713340287586665,0.06575875122250185
18932,0.042668489430536805,0.06570377950424833
18933,0.04262364137057084,0.06564880499088122
18934,0.04257879611139359,0.06559382767870192
18935,0.04253395365671919,0.06553884756400041
18936,0.042489114010256235,0.06548386464305456
18937,0.042444277175732514,0.06542887891215443
18938,0.04239944315688393,0.06537389036756702
18939,0.04235461195746404,0.06531889900555121
18940,0.04230978358121107,0.06526390482234534
18941,0.04226495803189512,0.06520890781421107
18942,0.04222013531328106,0.06515390797736975
18943,0.04217531542915254,0.06509890530805396
18944,0.042130498383286086,0.0650438998024725
18945,0.04208568417950287,0.06498889145684839
18946,0.04204087282157676,0.06493388026734714
18947,0.041996064313345904,0.0648788662301999
18948,0.04195125865862215,0.06482384934155538
18949,0.04190645586124142,0.06476882959760111
18950,0.04186165592504876,0.06471380699449425
18951,0.041816858853891414,0.06465878152838334
18952,0.041772064651623086,0.06460375319541756
18953,0.04172727332211301,0.06454872199173978
18954,0.04168248486925319,0.06449368791347432
18955,0.0416376992969113,0.06443865095672063
18956,0.041592916608996,0.06438361111761115
18957,0.041548136809413494,0.06432856839222767
18958,0.04150335990207543,0.06427352277665954
18959,0.041458585890894684,0.06421847426698968
18960,0.041413814779820424,0.06416342285930354
18961,0.04136904657278029,0.0641083685496413
18962,0.04132428127374621,0.06405331133407577
18963,0.04127951888665515,0.06399825120862213
18964,0.04123475941549426,0.06394318816934585
18965,0.04119000286424457,0.06388812221224971
18966,0.04114524923688678,0.0638330533333461
18967,0.04110049853742159,0.0637779815286521
18968,0.041055750769863675,0.06372290679416093
18969,0.041011005938228595,0.06366782912585123
18970,0.04096626404653825,0.06361274851970222
18971,0.04092152509884206,0.06355766497168791
18972,0.040876789099178024,0.0635025784777501
18973,0.04083205605161777,0.06344748903384878
18974,0.040787325960200516,0.06339239663590068
18975,0.04074259882903475,0.06333730127987092
18976,0.040697874662182,0.06328220296163478
18977,0.04065315346375209,0.06322710167713252
18978,0.040608435237847074,0.06317199742224555
18979,0.04056371998858321,0.06311689019286648
18980,0.040519007720084765,0.06306177998487306
18981,0.04047429843650252,0.0630066667941368
18982,0.04042959214196706,0.06295155061649549
18983,0.040384888840640176,0.0628964314478182
18984,0.040340188536680865,0.06284130928393616
18985,0.04029549123427234,0.06278618412068593
18986,0.04025079693760503,0.0627310559538764
18987,0.04020610565086402,0.06267592477931028
18988,0.04016141737826617,0.06262079059280035
18989,0.040116732124026444,0.06256565339012055
18990,0.040072049892379336,0.06251051316705047
18991,0.0400273706875548,0.062455369919348414
18992,0.039982694513804984,0.06240022364277997
18993,0.03993802137537761,0.06234507433308578
18994,0.03989335127656046,0.06228992198601635
18995,0.039848684221623354,0.06223476659727145
18996,0.03980402021485463,0.06217960816257817
18997,0.039759359260558624,0.0621244466776435
18998,0.039714701363066096,0.062069282138155324
18999,0.03967004652665995,0.062014114539769905
19000,0.0396253947556946,0.061958943878211215
19001,0.03958074605452133,0.06190377014911208
19002,0.039536100427475795,0.061848593348112324
19003,0.039491457878937375,0.06179341347087519
19004,0.03944681841328346,0.061738230513011194
19005,0.03940218203488477,0.06168304447013606
19006,0.03935754874815467,0.06162785533787829
19007,0.03931291855749941,0.06157266311181164
19008,0.03926829146733357,0.06151746778752587
19009,0.0392236674820885,0.06146226936059995
19010,0.03917904660621774,0.06140706782659744
19011,0.039134428844156854,0.061351863181053345
19012,0.03908981420037949,0.06129665541953122
19013,0.039045202679353075,0.06124144453754843
19014,0.039000594285575674,0.06118623053063299
19015,0.03895598902353714,0.06113101339427662
19016,0.0389113868977462,0.06107579312398448
19017,0.038866787912731904,0.06102056971524228
19018,0.03882219207300319,0.06096534316351088
19019,0.03877759938313419,0.060910113464282545
19020,0.03873300984765582,0.06085488061296529
19021,0.038688423471146205,0.06079964460503018
19022,0.0386438402581748,0.060744405435886994
19023,0.038599260213341036,0.06068916310096295
19024,0.038554683341242124,0.06063391759564851
19025,0.03851010964647816,0.06057866891534014
19026,0.03846553913368611,0.06052341705543518
19027,0.03842097180749848,0.06046816201128524
19028,0.03837640767256101,0.06041290377825237
19029,0.03833184673353929,0.060357642351683616
19030,0.03828728899509415,0.060302377726905054
19031,0.03824273446191895,0.06024710989925153
19032,0.038198183138700714,0.06019183886401969
19033,0.03815363503015157,0.06013656461651762
19034,0.03810909014099506,0.06008128715202521
19035,0.038064548475950755,0.06002600646580969
19036,0.0380200100397754,0.059970722553147615
19037,0.03797547483720831,0.059915435409271356
19038,0.037930942873032,0.059860145029439815
19039,0.03788641415201677,0.059804851408857274
19040,0.037841888678962654,0.05974955454275044
19041,0.03779736645866438,0.0596942544263086
19042,0.03775284749595098,0.059638951054732936
19043,0.03770833179564215,0.059583644423183424
19044,0.03766381936258978,0.05952833452683581
19045,0.03761931020164011,0.059473021360827105
19046,0.03757480431765314,0.059417704920306735
19047,0.03753030171552629,0.059362385200409706
19048,0.03748580240013866,0.05930706219622417
19049,0.037441306376403416,0.05925173590286892
19050,0.03739681364923353,0.05919640631541956
19051,0.037352324223569044,0.05914107342895758
19052,0.03730783810432625,0.0590857372385315
19053,0.037263355296497935,0.05903039773922658
19054,0.03721887580503436,0.05897505492603039
19055,0.037174399634913424,0.05891970879399111
19056,0.037129926791136025,0.05886435933812373
19057,0.03708545727871193,0.058809006553418586
19058,0.037040991102665455,0.05875365043485714
19059,0.03699652826802302,0.058698290977405865
19060,0.03695206877983903,0.058642928176033005
19061,0.036907612643166554,0.058587562025674944
19062,0.03686315986309774,0.05853219252127262
19063,0.03681871044470386,0.058476819657719115
19064,0.03677426439308573,0.05842144342994238
19065,0.036729821713369915,0.058366063832832604
19066,0.03668538241067243,0.05831068086125046
19067,0.03664094649014615,0.05825529451007694
19068,0.03659651395694519,0.05819990477414694
19069,0.036552084816228625,0.05814451164829837
19070,0.036507659073193977,0.05808911512736736
19071,0.036463236733026205,0.058033715206142755
19072,0.036418817800946135,0.057978311879435696
19073,0.036374402282164486,0.057922905142012815
19074,0.036329990181929506,0.057867494988660506
19075,0.03628558150549199,0.05781208141411798
19076,0.036241176258117846,0.05775666441312677
19077,0.03619677444508784,0.05770124398041199
19078,0.03615237607169963,0.057645820110684864
19079,0.036107981143258305,0.057590392798637424
19080,0.036063589665083606,0.05753496203895769
19081,0.036019201642518706,0.05747952782631849
19082,0.035974817080919874,0.05742409015536509
19083,0.0359304359856335,0.0573686490207318
19084,0.035886058362066264,0.05731320441706944
19085,0.03584168421560263,0.057257756338954136
19086,0.03579731355164861,0.05720230478099586
19087,0.035752946375626204,0.05714684973778095
19088,0.03570858269298538,0.057091391203879516
19089,0.035664222509174115,0.05703592917382849
19090,0.03561986582965715,0.056980463642172574
19091,0.035575512659932196,0.05692499460344036
19092,0.03553116300548176,0.056869522052118926
19093,0.03548681687182853,0.05681404598272288
19094,0.035442474264491985,0.056758566389716436
19095,0.03539813518902435,0.05670308326757467
19096,0.035353799650979956,0.05664759661073271
19097,0.03530946765594023,0.05659210641362766
19098,0.035265139209484486,0.05653661267066745
19099,0.03522081431723112,0.056481115376265656
19100,0.035176492984778984,0.056425614524790224
19101,0.03513217521777745,0.05637011011063964
19102,0.035087861021878664,0.05631460212815065
19103,0.03504355040274709,0.056259090571660675
19104,0.03499924336606164,0.05620357543549659
19105,0.03495493991752108,0.05614805671397005
19106,0.03491064006284106,0.05609253440137296
19107,0.034866343807747224,0.05603700849197901
19108,0.034822051157985534,0.055981478980053456
19109,0.034777762119323485,0.05592594585984123
19110,0.03473347669753002,0.05587040912556185
19111,0.034689194898403275,0.05581486877143926
19112,0.034644916727750164,0.05575932479166357
19113,0.03460064219140224,0.055703777180419745
19114,0.034556371295187294,0.05564822593186247
19115,0.03451210404498506,0.055592671040159414
19116,0.03446784044663753,0.055537112499413066
19117,0.03442358050607086,0.05548155030378199
19118,0.03437932422917478,0.055425984447318055
19119,0.03433507162187133,0.055370414924126754
19120,0.03429082269010564,0.0553148417282775
19121,0.03424657743983772,0.055259264853811385
19122,0.03420233587702981,0.05520368429475775
19123,0.03415809800768632,0.05514810004514892
19124,0.034113863837812564,0.055092512098963264
19125,0.03406963337342528,0.05503692045018671
19126,0.0340254066205703,0.05498132509279485
19127,0.03398118358531155,0.05492572602072965
19128,0.0339369642737154,0.05487012322791396
19129,0.03389274869189263,0.0548145167082742
19130,0.0338485368459277,0.05475890645568293
19131,0.033804328741970924,0.05470329246405348
19132,0.033760124386157164,0.05464767472721754
19133,0.03371592378464494,0.054592053239031824
19134,0.033671726943627966,0.05453642799332892
19135,0.03362753386930095,0.05448079898389857
19136,0.03358334456786971,0.0544251662045373
19137,0.033539159045572364,0.0543695296490303
19138,0.033494977308660356,0.05431388931112724
19139,0.03345079936341233,0.05425824518456557
19140,0.03340662521610838,0.05420259726305143
19141,0.033362454873056446,0.05414694554029653
19142,0.03331828834057238,0.05409129000997992
19143,0.033274125625011086,0.054035630665777545
19144,0.03322996673272183,0.05397996750131773
19145,0.033185811670079945,0.05392430051024388
19146,0.03314166044349476,0.0538686296861699
19147,0.03309751305937947,0.05381295502267014
19148,0.0330533695241626,0.05375727651332107
19149,0.03300922984429211,0.05370159415168352
19150,0.03296509402625725,0.053645907931300085
19151,0.032920962076538274,0.05359021784566287
19152,0.03287683400164387,0.05353452388828306
19153,0.0328327098081036,0.05347882605264043
19154,0.032788589502458,0.05342312433219232
19155,0.03274447309128303,0.05336741872038919
19156,0.0327003605811671,0.053311709210638436
19157,0.03265625197870681,0.05325599579633966
19158,0.03261214729052586,0.05320027847088593
19159,0.032568046523272165,0.053144557227641775
19160,0.03252394968361649,0.05308883205994519
19161,0.0324798567782314,0.05303310296111019
19162,0.032435767813818184,0.05297736992445523
19163,0.03239168279710902,0.05292163294326746
19164,0.032347601734837306,0.052865892010797944
19165,0.03230352463376818,0.052810147120304185
19166,0.032259451500697756,0.05275439826500683
19167,0.03221538234240251,0.052698645438091885
19168,0.032171317165719304,0.05264288863277944
19169,0.03212725597749855,0.052587127842214976
19170,0.032083198784591205,0.0525313630595311
19171,0.03203914559389143,0.052475594277869186
19172,0.03199509641229359,0.052419821490317764
19173,0.03195105124673159,0.05236404468997302
19174,0.031907010104140765,0.052308263869883964
19175,0.03186297299149621,0.05225247902310659
19176,0.03181893991578988,0.052196690142647606
19177,0.031774910884016405,0.05214089722150139
19178,0.03173088590321527,0.052085100252663996
19179,0.03168686498042583,0.05202929922907851
19180,0.031642848122742095,0.0519734941436959
19181,0.031598835337229625,0.05191768498940086
19182,0.031554826631023825,0.05186187175912338
19183,0.031510822011256434,0.05180605444570685
19184,0.031466821485081065,0.0517502330420071
19185,0.0314228250596823,0.051694407540857634
19186,0.03137883274224784,0.05163857793505833
19187,0.03133484454002067,0.05158274421741138
19188,0.03129086046023355,0.05152690638065327
19189,0.031246880510159225,0.05147106441754101
19190,0.03120290469707676,0.05141521832078477
19191,0.031158933028314517,0.05135936808309538
19192,0.031114965511187975,0.051303513697123715
19193,0.031071002153071903,0.05124765515554641
19194,0.031027042961334517,0.05119179245096661
19195,0.030983087943383225,0.051135925576006436
19196,0.03093913710663343,0.05108005452324005
19197,0.030895190458537614,0.051024179285241056
19198,0.03085124800657202,0.05096829985454099
19199,0.03080730975821444,0.05091241622364451
19200,0.030763375720999853,0.050856528385065713
19201,0.03071944590244957,0.050800636331246984
19202,0.03067552031014309,0.05074474005465823
19203,0.03063159895166545,0.05068883954769843
19204,0.030587681834608693,0.05063293480276776
19205,0.030543768966620144,0.05057702581226564
19206,0.030499860355360564,0.050521112568522986
19207,0.030455956008504703,0.05046519506386271
19208,0.030412055933757287,0.05040927329059719
19209,0.030368160138851796,0.050353347241005264
19210,0.030324268631539253,0.05029741690733558
19211,0.03028038141960221,0.05024148228182279
19212,0.0302364985108321,0.05018554335666581
19213,0.030192619913061214,0.050129600124061424
19214,0.03014874563414005,0.050073652576158256
19215,0.030104875681954524,0.050017700705090706
19216,0.0300610100643951,0.049961744502951544
19217,0.03001714878938344,0.04990578396183876
19218,0.029973291864881624,0.04984981907381447
19219,0.029929439298855498,0.04979384983089652
19220,0.029885591099315545,0.04973787622510539
19221,0.029841747274271246,0.04968189824841074
19222,0.029797907831799697,0.04962591589279175
19223,0.029754072779966556,0.04956992915014591
19224,0.029710242126869346,0.049513938012393455
19225,0.029666415880639008,0.049457942471423655
19226,0.029622594049432238,0.04940194251908592
19227,0.029578776641441262,0.049345938147206225
19228,0.029534963664859082,0.049289929347570816
19229,0.029491155127918,0.049233916111974474
19230,0.029447351038892178,0.049177898432167466
19231,0.029403551406063988,0.049121876299852096
19232,0.029359756237737122,0.049065849706731
19233,0.02931596554225946,0.04900981864448517
19234,0.029272179327991754,0.048953783104746296
19235,0.029228397603336398,0.048897743079137856
19236,0.029184620376714654,0.048841698559234814
19237,0.02914084765656544,0.04878564953659925
19238,0.029097079451380736,0.048729596002776376
19239,0.029053315769644095,0.04867353794924967
19240,0.029009556619895127,0.0486174753675247
19241,0.028965802010700425,0.04856140824903965
19242,0.028922051950636574,0.048505336585206504
19243,0.02887830644831524,0.04844926036743302
19244,0.02883456551239416,0.048393179587089774
19245,0.02879082915152853,0.04833709423549448
19246,0.02874709737443637,0.04828100430397875
19247,0.02870337018982394,0.04822490978379812
19248,0.028659647606459004,0.04816881066623502
19249,0.028615929633128534,0.04811270694249836
19250,0.028572216278647478,0.048056598603780976
19251,0.028528507551863203,0.04800048564124726
19252,0.02848480346163229,0.04794436804602953
19253,0.028441104016873164,0.04788824580925688
19254,0.028397409226508685,0.04783211892198469
19255,0.028353719099504238,0.04777598737527322
19256,0.028310033644850296,0.047719851160135995
19257,0.028266352871574307,0.04766371026756144
19258,0.028222676788705936,0.04760756468849936
19259,0.028179005405350344,0.047551414413907755
19260,0.028135338730613357,0.04749525943465149
19261,0.028091676773625784,0.04743909974160598
19262,0.028048019543567615,0.047382935325623765
19263,0.02800436704964626,0.04732676617750131
19264,0.027960719301085457,0.047270592288008006
19265,0.02791707630716611,0.04721441364790335
19266,0.0278734380771668,0.04715823024787846
19267,0.027829804620434606,0.04710204207864044
19268,0.02778617594630839,0.04704584913081278
19269,0.02774255206418541,0.046989651395042964
19270,0.027698932983496682,0.046933448861909643
19271,0.027655318713694532,0.0468772415219566
19272,0.02761170926426415,0.04682102936570942
19273,0.02756810464471937,0.04676481238366215
19274,0.027524504864621213,0.04670859056628063
19275,0.02748090993354102,0.04665236390397698
19276,0.02743731986110487,0.046596132387162426
19277,0.027393734656959712,0.04653989600618458
19278,0.02735015433078769,0.046483654751374615
19279,0.027306578892307587,0.04642740861302763
19280,0.02726300835126738,0.04637115758140009
19281,0.027219442717441478,0.04631490164672136
19282,0.027175882000660456,0.046258640799197503
19283,0.027132326210758895,0.04620237502896751
19284,0.027088775357633987,0.046146104326180715
19285,0.027045229451196695,0.04608982868090994
19286,0.027001688501403054,0.04603354808322324
19287,0.026958152518232303,0.045977262523139606
19288,0.026914621511720305,0.045920971990658144
19289,0.026871095491914687,0.045864676475713906
19290,0.02682757446890005,0.04580837596823739
19291,0.0267840584528235,0.045752070458122795
19292,0.026740547453826258,0.04569575993519015
19293,0.026697041482106387,0.045639444389281025
19294,0.026653540547918908,0.0455831238101726
19295,0.02661004466151129,0.04552679818757632
19296,0.02656655383319939,0.045470467511227186
19297,0.026523068073315614,0.04541413177078024
19298,0.026479587392248094,0.045357790955881216
19299,0.026436111800403617,0.04530144505611178
19300,0.026392641308234488,0.04524509406104216
19301,0.026349175926233426,0.04518873796019418
19302,0.02630571566491957,0.045132376743046265
19303,0.026262260534854143,0.04507601039905573
19304,0.02621881054665165,0.045019638917635385
19305,0.02617536571092771,0.044963262288138295
19306,0.026131926038377107,0.0449068804999313
19307,0.026088491539703385,0.04485049354228354
19308,0.026045062225660054,0.04479410140446993
19309,0.02600163810703482,0.04473770407570887
19310,0.02595821919466379,0.04468130154518568
19311,0.025914805499409832,0.04462489380203405
19312,0.025871397032172783,0.04456848083536491
19313,0.025827993803914095,0.044512062634254224
19314,0.025784595825602996,0.04445563918770601
19315,0.02574120310828476,0.04439921048472917
19316,0.025697815663004997,0.044342776514241566
19317,0.02565443350087393,0.04428633726517728
19318,0.025611056633040197,0.04422989272639555
19319,0.02556768507068863,0.04417344288671676
19320,0.025524318825039805,0.04411698773492778
19321,0.025480957907367485,0.04406052725978116
19322,0.025437602328985842,0.04400406144997082
19323,0.025394252101221593,0.043947590294150296
19324,0.02535090723548883,0.04389111378097277
19325,0.025307567743213744,0.043834631898984955
19326,0.025264233635865385,0.043778144636732574
19327,0.025220904924958654,0.043721651982719156
19328,0.025177581622067735,0.043665153925400046
19329,0.02513426373877692,0.04360865045316353
19330,0.025090951286732888,0.04355214155440257
19331,0.025047644277635284,0.04349562721743727
19332,0.025004342723200845,0.04343910743053292
19333,0.024961046635211037,0.04338258218194624
19334,0.024917756025478077,0.04332605145986179
19335,0.024874470905873913,0.04326951525243772
19336,0.024831191288293586,0.04321297354776543
19337,0.024787917184695973,0.04315642633392258
19338,0.02474464860706338,0.04309987359891376
19339,0.02470138556743784,0.043043315330730025
19340,0.02465812807792045,0.04298675151729592
19341,0.02461487615062341,0.042930182146469154
19342,0.02457162979772287,0.04287360720611266
19343,0.024528389031453712,0.04281702668401721
19344,0.024485153864073128,0.04276044056790784
19345,0.02444192430789005,0.042703848845497716
19346,0.024398700375279248,0.042647251504446815
19347,0.02435548207863447,0.04259064853233896
19348,0.024312269430414535,0.04253403991675264
19349,0.024269062443116995,0.042477425645191524
19350,0.02422586112929237,0.04242080570512541
19351,0.024182665501540468,0.042364180083967695
19352,0.0241394755725014,0.04230754876908216
19353,0.02409629135486402,0.042250911747794606
19354,0.024053112861385673,0.042194269007382434
19355,0.024009940104838035,0.04213762053504577
19356,0.023966773098064498,0.042080966317984636
19357,0.023923611853963078,0.04202430634331733
19358,0.023880456385461324,0.041967640598105316
19359,0.023837306705548622,0.04191096906938885
19360,0.02379416282727498,0.041854291744140903
19361,0.02375102476371105,0.04179760860926873
19362,0.023707892528002206,0.041740919651672814
19363,0.023664766133341897,0.041684224858166474
19364,0.023621645592972862,0.04162752421551752
19365,0.023578530920179808,0.04157081771044391
19366,0.023535422128316497,0.041514105329626405
19367,0.023492319230771663,0.04145738705966906
19368,0.023449222241001877,0.04140066288714683
19369,0.02340613117250223,0.04134393279856108
19370,0.023363046038824664,0.04128719678038073
19371,0.023319966853589724,0.041230454819014994
19372,0.02327689363044605,0.04117370690079758
19373,0.02323382638311622,0.04111695301204621
19374,0.02319076512536855,0.04106019313899423
19375,0.023147709871024102,0.041003427267833015
19376,0.023104660633967766,0.04094665538470199
19377,0.023061617428125625,0.04088987747567274
19378,0.023018580267482158,0.04083309352678033
19379,0.022975549166097564,0.04077630352400097
19380,0.022932524138063126,0.04071950745322561
19381,0.022889505197530857,0.04066270530032512
19382,0.022846492358722825,0.040605897051105955
19383,0.0228034856359024,0.040549082691300975
19384,0.022760485043412104,0.040492262206605734
19385,0.02271749059561412,0.04043543558262841
19386,0.022674502306966104,0.04037860280497296
19387,0.022631520191966237,0.040321763859131776
19388,0.022588544265174537,0.040264918730562926
19389,0.022545574541207536,0.040208067404663206
19390,0.022502611034748377,0.040151209866770676
19391,0.022459653760519505,0.040094346102155454
19392,0.02241670273334395,0.0400374760960569
19393,0.022373757968050523,0.03998059983359392
19394,0.02233081947956972,0.03992371729990518
19395,0.02228788728288822,0.03986682848000833
19396,0.022244961393036777,0.039809933358865957
19397,0.022202041825123198,0.039753031921405
19398,0.022159128594302024,0.03969612415246826
19399,0.022116221715809736,0.03963921003685733
19400,0.022073321204926,0.03958228955928356
19401,0.022030427077004866,0.03952536270442253
19402,0.021987539347467,0.03946842945687179
19403,0.02194465803178325,0.03941148980115883
19404,0.02190178314549973,0.03935454372176739
19405,0.02185891470423207,0.03929759120310061
19406,0.021816052723639068,0.039240632229489814
19407,0.021773197219472018,0.03918366678523222
19408,0.021730348207522177,0.039126694854519584
19409,0.02168750570366418,0.03906971642151613
19410,0.021644669723842824,0.039012731470293494
19411,0.02160184028404022,0.038955739984851134
19412,0.02155901740034949,0.03889874194916554
19413,0.021516201088892295,0.03884173734707996
19414,0.02147339136587101,0.03878472616242756
19415,0.021430588247580373,0.03872770837895545
19416,0.02138779175034755,0.03867068398030582
19417,0.02134500189059174,0.03861365295010499
19418,0.021302218684783325,0.03855661527187637
19419,0.021259442149486385,0.03849957092910128
19420,0.021216672301322403,0.03844251990515457
19421,0.021173909156978477,0.03838546218336092
19422,0.021131152733220526,0.038328397746979936
19423,0.021088403046886084,0.03827132657918986
19424,0.021045660114886067,0.038214248663096084
19425,0.021002923954204333,0.038157163981730524
19426,0.02096019458188514,0.038100072518050254
19427,0.020917472015063776,0.03804297425495862
19428,0.02087475627093982,0.03798586917525948
19429,0.020832047366783568,0.037928757261695534
19430,0.02078934531996135,0.037871638496941196
19431,0.02074665014788102,0.03781451286356363
19432,0.020703961868063003,0.037757380344104474
19433,0.020661280498070922,0.03770024092097424
19434,0.020618606055570865,0.03764309457655668
19435,0.020575938558283435,0.03758594129311965
19436,0.020533278024025825,0.03752878105288693
19437,0.020490624470689278,0.03747161383797604
19438,0.020447977916232873,0.03741443963043223
19439,0.020405338378708282,0.03735725841223836
19440,0.02036270587623934,0.037300070165276256
19441,0.020320080427028153,0.03724287487136002
19442,0.020277462049360873,0.0371856725122246
19443,0.020234850761605694,0.037128463069520445
19444,0.020192246582218076,0.03707124652481353
19445,0.020149649529717872,0.03701402285958011
19446,0.020107059622726187,0.03695679205524005
19447,0.020064476879929183,0.03689955409310208
19448,0.020021901320124158,0.03684230895441931
19449,0.01997933296216592,0.036785056620317946
19450,0.01993677182499487,0.0367277970718809
19451,0.019894217927662328,0.03667053029010403
19452,0.019851671289272343,0.03661325625585854
19453,0.019809131929045765,0.036555974949979864
19454,0.019766599866263057,0.036498686353169885
19455,0.019724075120312934,0.036441390446084965
19456,0.019681557710656827,0.03638408720926145
19457,0.01963904765685598,0.03632677662317063
19458,0.019596544978565666,0.03626945866817688
19459,0.019554049695509446,0.036212133324549645
19460,0.019511561827517565,0.03615480057249787
19461,0.01946908139450576,0.0360974603921167
19462,0.01942660841648325,0.036040112763416676
19463,0.019384142913550617,0.0359827576663142
19464,0.019341684905903045,0.03592539508063375
19465,0.019299234413817423,0.035868024986104086
19466,0.01925679145768855,0.0358106473623766
19467,0.01921435605798638,0.035753262188973234
19468,0.0191719282352677,0.03569586944534808
19469,0.01912950801021629,0.03563846911087376
19470,0.019087095403578003,0.03558106116477855
19471,0.0190446904362227,0.0355236455862461
19472,0.019002293129096293,0.035466222354321286
19473,0.018959903503263154,0.03540879144798259
19474,0.018917521579867924,0.03535135284607993
19475,0.018875147380165158,0.035293906527392394
19476,0.01883278092551577,0.03523645247058138
19477,0.01879042223735794,0.03517899065420016
19478,0.018748071337260752,0.035121521056734384
19479,0.018705728246871,0.03506404365652427
19480,0.018663392987957605,0.03500655843184386
19481,0.018621065582367535,0.0349490653608342
19482,0.018578746052089534,0.03489156442157171
19483,0.01853643441917896,0.03483405559196939
19484,0.018494130705825618,0.03477653884989418
19485,0.018451834934308242,0.03471901417306267
19486,0.018409547127014703,0.034661481539110084
19487,0.018367267306455437,0.03460394092556196
19488,0.018324995495226815,0.034546392309811935
19489,0.01828273171604977,0.03448883566917904
19490,0.01824047599175771,0.03443127098084875
19491,0.018198228345277734,0.03437369822189318
19492,0.018155988799661293,0.03431611736929718
19493,0.01811375737807641,0.03425852839991528
19494,0.01807153410379103,0.03420093129048163
19495,0.018029319000197663,0.03414332601763703
19496,0.017987112090792956,0.034085712557890724
19497,0.017944913399199014,0.034028090887652795
19498,0.01790272294914863,0.033970460983202555
19499,0.017860540764490174,0.0339128228207094
19500,0.017818366869203572,0.03385517637622815
19501,0.017776201287366344,0.0337975216256734
19502,0.017734044043187902,0.0337398585448726
19503,0.017691895160988236,0.033682187109514206
19504,0.017649754665232442,0.03362450729517963
19505,0.017607622580474436,0.03356681907729275
19506,0.017565498931416124,0.033509122431204075
19507,0.01752338374287088,0.03345141733210322
19508,0.017481277039781196,0.03339370375507278
19509,0.017439178847206915,0.033335981675063575
19510,0.017397089190349435,0.033278251066911846
19511,0.017355008094521063,0.03322051190530506
19512,0.01731293558518432,0.03316276416482489
19513,0.017270871687893874,0.03310500781989234
19514,0.017228816428371818,0.03304724284485383
19515,0.017186769832458038,0.032989469213867584
19516,0.017144731926108325,0.032931686900980806
19517,0.017102702735434683,0.03287389588013101
19518,0.01706068228667612,0.03281609612508696
19519,0.01701867060619322,0.032758287609493175
19520,0.016976667720496552,0.03270047030687839
19521,0.016934673656228916,0.032642644190612025
19522,0.016892688440166337,0.03258480923393292
19523,0.016850712099232612,0.03252696540994904
19524,0.016808744660482766,0.03246911269161401
19525,0.0167667861511267,0.03241125105175269
19526,0.016724836598483672,0.03235338046302805
19527,0.016682896030059124,0.0322955008980087
19528,0.016640964473460973,0.03223761232905309
19529,0.016599041956473104,0.032179714728438946
19530,0.016557128507007524,0.032121808068248714
19531,0.01651522415313289,0.03206389232044693
19532,0.016473328923052977,0.03200596745683382
19533,0.016431442845142752,0.031948033449080926
19534,0.016389565947898976,0.031890090268675175
19535,0.016347698260000043,0.03183213788699635
19536,0.01630583981024536,0.03177417627522516
19537,0.016263990627612968,0.031716205404436204
19538,0.01622215074122446,0.031658225245511984
19539,0.016180320180362417,0.03160023576919524
19540,0.01613849897445574,0.03154223694606473
19541,0.016096687153106082,0.031484228746556875
19542,0.01605488474606287,0.03142621114092681
19543,0.0160130917832505,0.0313681840992861
19544,0.015971308294732034,0.03131014759156381
19545,0.0159295343107565,0.031252101587559755
19546,0.015887769861726686,0.0311940460568757
19547,0.015846014978207257,0.031135980968963972
19548,0.015804269690944395,0.031077906293114466
19549,0.01576253403083605,0.03101982199842812
19550,0.015720808028958144,0.030961728053859883
19551,0.015679091716561122,0.030903624428182397
19552,0.015637385125046643,0.030845511089988897
19553,0.015595688286022313,0.030787388007733174
19554,0.015554001231245396,0.030729255149641976
19555,0.015512323992659338,0.03067111248380594
19556,0.015470656602383115,0.030612959978122856
19557,0.015428999092711448,0.030554797600312766
19558,0.015387351496125357,0.030496625317922965
19559,0.015345713845277387,0.030438443098307788
19560,0.0153040861730247,0.03038025090865415
19561,0.015262468512379779,0.030322048715932026
19562,0.015220860896571264,0.030263836486970397
19563,0.015179263358983452,0.030205614188362873
19564,0.015137675933216466,0.03014738178656473
19565,0.015096098653044177,0.030089139247798435
19566,0.015054531552450512,0.03003088653812125
19567,0.015012974665583156,0.029972623623366612
19568,0.014971428026823719,0.02991435046922164
19569,0.014929891670711126,0.029856067041114764
19570,0.014888365632015899,0.029797773304338082
19571,0.01484684994568286,0.02973946922393067
19572,0.01480534464687222,0.029681154764771733
19573,0.014763849770946136,0.029622829891514213
19574,0.014722365353475708,0.029564494568608102
19575,0.014680891430214227,0.02950614876029034
19576,0.014639428037154345,0.02944779243062845
19577,0.014597975210481229,0.02938942554343027
19578,0.01455653298659576,0.02933104806231901
19579,0.01451510140211465,0.029272659950698277
19580,0.014473680493857777,0.02921426117175241
19581,0.014432270298886385,0.02915585168846757
19582,0.01439087085445212,0.029097431463572465
19583,0.014349482198041219,0.02903900045961938
19584,0.014308104367360852,0.028980558638916576
19585,0.014266737400341789,0.028922105963549383
19586,0.014225381335141174,0.028863642395377975
19587,0.01418403621014308,0.0288051678960346
19588,0.014142702063959511,0.028746682426921577
19589,0.014101378935448383,0.028688185949214184
19590,0.014060066863669674,0.028629678423829907
19591,0.014018765887949258,0.028571159811500713
19592,0.013977476047840831,0.028512630072673795
19593,0.013936197383132343,0.028454089167570307
19594,0.01389492993385999,0.02839553705618003
19595,0.013853673740298,0.02833697369823651
19596,0.013812428842976399,0.028278399053238146
19597,0.013771195282659798,0.02821981308041832
19598,0.013729973100374604,0.02816121573878161
19599,0.013688762337385585,0.02810260698706102
19600,0.0136475630352354,0.028043986783758634
19601,0.013606375235688972,0.02798535508707989
19602,0.013565198980806215,0.027926711855028152
19603,0.0135240343128874,0.0278680570452865
19604,0.013482881274495484,0.02780939061530796
19605,0.01344173990846731,0.02775071252228023
19606,0.013400610257898404,0.027692022723111
19607,0.013359492366172288,0.02763332117445061
19608,0.013318386276915284,0.02757460783264898
19609,0.013277292034060917,0.02751588265382865
19610,0.013236209681803723,0.027457145593783316
19611,0.01319513926462168,0.027398396608051545
19612,0.013154080827269543,0.02733963565188502
19613,0.013113034414792613,0.027280862680259088
19614,0.013072000072526957,0.027222077647851672
19615,0.01303097784608942,0.027163280509045817
19616,0.012989967781396272,0.02710447121794679
19617,0.012948969924659881,0.02704564972835266
19618,0.012907984322389487,0.026986815993762625
19619,0.012867011021392205,0.026927969967376564
19620,0.01282605006878268,0.026869111602095597
19621,0.01278510151197998,0.026810240850507427
19622,0.012744165398709262,0.026751357664892783
19623,0.012703241777017982,0.026692461997226302
19624,0.012662330695249246,0.02663355379915011
19625,0.012621432202088667,0.02657463302201879
19626,0.012580546346525057,0.026515699616826205
19627,0.012539673177872634,0.02645675353427046
19628,0.012498812745772914,0.026397794724719925
19629,0.012457965100209245,0.02633882313821201
19630,0.012417130291479506,0.026279838724430515
19631,0.012376308370223188,0.026220841432752606
19632,0.012335499387431947,0.026161831212207387
19633,0.012294703394419071,0.026102808011459477
19634,0.012253920442858335,0.026043771778861302
19635,0.012213150584767019,0.025984722462391252
19636,0.012172393872510123,0.025925660009683993
19637,0.012131650358813695,0.025866584368025247
19638,0.012090920096760494,0.025807495484332255
19639,0.012050203139798432,0.02574839330516321
19640,0.012009499541732027,0.025689277776703934
19641,0.011968809356753929,0.02563014884478798
19642,0.011928132639413391,0.02557100645484145
19643,0.011887469444628374,0.025511850551942494
19644,0.011846819827719512,0.02545268108080001
19645,0.011806183844374707,0.025393497985701785
19646,0.011765561550676429,0.025334301210574006
19647,0.011724953003093952,0.025275090698940073
19648,0.011684358258497674,0.025215866393934694
19649,0.011643777374149233,0.025156628238282353
19650,0.011603210407720277,0.025097376174317843
19651,0.011562657417283573,0.025038110143956183
19652,0.011522118461326558,0.024978830088709825
19653,0.01148159359875256,0.02491953594966978
19654,0.011441082888876908,0.024860227667505508
19655,0.01140058639144137,0.024800905182474464
19656,0.011360104166625029,0.024741568434400785
19657,0.01131963627502619,0.024682217362658743
19658,0.011279182777677366,0.024622851906207832
19659,0.011238743736067813,0.024563472003568676
19660,0.01119831921212655,0.024504077592790163
19661,0.011157909268214472,0.024444668611477982
19662,0.011117513967162651,0.024385244996813493
19663,0.0110771333722669,0.02432580668549189
19664,0.011036767547273896,0.024266353613733305
19665,0.010996416556402933,0.024206885717310223
19666,0.010956080464341378,0.02414740293151396
19667,0.010915759336268316,0.024087905191164993
19668,0.010875453237832788,0.024028392430577417
19669,0.010835162235173779,0.023968864583597593
19670,0.010794886394935754,0.023909321583575283
19671,0.010754625784240912,0.02384976336333977
19672,0.010714380470731588,0.023790189855250166
19673,0.01067415052255416,0.023730600991128448
19674,0.010633936008366596,0.023670996702288227
19675,0.010593736997352332,0.023611376919528415
19676,0.010553553559208617,0.023551741573109797
19677,0.010513385764178818,0.023492090592782233
19678,0.010473233683037653,0.023432423907731148
19679,0.010433097387090084,0.02337274144660728
19680,0.010392976948207178,0.023313043137532796
19681,0.010352872438800231,0.023253328908043325
19682,0.010312783931853975,0.02319359868513715
19683,0.010272711500905474,0.023133852395222698
19684,0.010232655220074882,0.02307408996415694
19685,0.0101926151640519,0.023014311317199443
19686,0.010152591408120748,0.022954516379039003
19687,0.01011258402814641,0.022894705073754684
19688,0.010072593100606375,0.02283487732484446
19689,0.010032618702567664,0.022775033055175142
19690,0.009992660911714912,0.022715172187026567
19691,0.00995271980635426,0.022655294642048074
19692,0.009912795465411905,0.02259540034125629
19693,0.009872887968449429,0.02253548920504267
19694,0.009832997395664567,0.022475561153151524
19695,0.009793123827903982,0.022415616104685343
19696,0.009753267346665484,0.022355653978085477
19697,0.009713428034112681,0.02229567469113536
19698,0.009673605973065325,0.0222356781609393
19699,0.009633801247042384,0.022175664303945797
19700,0.009594013940226409,0.02211563303587627
19701,0.00955424413750039,0.02205558427179488
19702,0.009514491924442425,0.02199551792604848
19703,0.00947475738734671,0.021935433912282143
19704,0.009435040613218648,0.021875332143408643
19705,0.00939534168979328,0.021815212531621886
19706,0.009355660705521851,0.02175507498837337
19707,0.009315997749622329,0.02169491942439772
19708,0.00927635291204476,0.02163474574963542
19709,0.009236726283506469,0.021574553873295432
19710,0.00919711795549405,0.02151434370380334
19711,0.009157528020266925,0.02145411514880169
19712,0.009117956570877661,0.021393868115153092
19713,0.009078403701165638,0.021333602508909366
19714,0.00903886950578403,0.021273318235330296
19715,0.008999354080201027,0.021213015198843665
19716,0.008959857520707715,0.021152693303049697
19717,0.008920379924435062,0.02109235245071439
19718,0.00888092138935237,0.02103199254374777
19719,0.008841482014284807,0.020971613483213192
19720,0.008802061898944169,0.02091121516930472
19721,0.008762661143893458,0.02085079750130059
19722,0.008723279850588295,0.020790360377633266
19723,0.008683918121403345,0.020729903695825502
19724,0.008644576059605669,0.020669427352449254
19725,0.008605253769381593,0.020608931243184747
19726,0.008565951355866797,0.02054841526277862
19727,0.00852666892512599,0.020487879305000622
19728,0.008487406584195556,0.020427323262687147
19729,0.008448164441071215,0.020366747027676158
19730,0.008408942604728353,0.020306150490837505
19731,0.00836974118514311,0.020245533542045835
19732,0.008330560293298706,0.020184896070152947
19733,0.008291400041191221,0.020124237962985014
19734,0.008252260541860568,0.02006355910734481
19735,0.008213141909381827,0.020002859388963512
19736,0.008174044258892565,0.01994213869252759
19737,0.00813496770661426,0.019881396901640147
19738,0.008095912369841973,0.019820633898793738
19739,0.008056878366981768,0.019759849565399223
19740,0.008017865817556036,0.01969904378172982
19741,0.007978874842217931,0.019638216426921873
19742,0.007939905562761695,0.01957736737896143
19743,0.007900958102153854,0.01951649651467724
19744,0.007862032584536438,0.0194556037096959
19745,0.007823129135230866,0.019394688838448082
19746,0.0077842478807905735,0.01933375177417418
19747,0.007745388948974807,0.019272792388842164
19748,0.0077065524688024745,0.019211810553207087
19749,0.007667738570543481,0.01915080613672726
19750,0.007628947385736495,0.019089779007592456
19751,0.00759017904723247,0.019028729032706804
19752,0.007551433689189313,0.018967656077621742
19753,0.007512711447079323,0.018906560006561213
19754,0.007474012457756141,0.018845440682421888
19755,0.007435336859409891,0.018784297966666696
19756,0.0073966847916372425,0.018723131719420638
19757,0.007358056395433965,0.018661941799358872
19758,0.007319451813227129,0.01860072806373625
19759,0.007280871188889648,0.01853949036834257
19760,0.007242314667757599,0.01847822856749548
19761,0.007203782396670633,0.018416942514022372
19762,0.0071652745239635385,0.018355632059203764
19763,0.007126791199508542,0.018294297052807718
19764,0.007088332574731182,0.018232937343028
19765,0.007049898802646393,0.01817155277647431
19766,0.00701149003785162,0.018110143198121986
19767,0.006973106436576337,0.018048708451346318
19768,0.006934748156698145,0.017987248377848486
19769,0.006896415357777741,0.017925762817646018
19770,0.006858108201047264,0.017864251609027715
19771,0.00681982684948701,0.017802714588595392
19772,0.006781571467815994,0.017741151591144977
19773,0.006743342222524484,0.017679562449701258
19774,0.006705139281916073,0.017617946995482803
19775,0.006666962816105015,0.017556305057844
19776,0.006628812997083178,0.017494636464303936
19777,0.0065906899987172585,0.01743294104044324
19778,0.006552593996791645,0.0173712186099354
19779,0.006514525169036056,0.017309468994488264
19780,0.006476483695153523,0.01724769201381937
19781,0.0064384697568508065,0.017185887485627882
19782,0.0064004835378792535,0.01712405522556426
19783,0.00636252522405234,0.017062195047178097
19784,0.006324595003287636,0.017000306761915107
19785,0.006286693065642002,0.016938390179064178
19786,0.006248819603340783,0.016876445105719506
19787,0.0062109748108052365,0.0168144713467554
19788,0.006173158884709817,0.016752468704803403
19789,0.006135372024000052,0.016690436980174805
19790,0.006097614429931286,0.016628375970857756
19791,0.006059886306116757,0.01656628547247585
19792,0.006022187858557904,0.016504165278228955
19793,0.005984519295680335,0.01644201517886945
19794,0.005946880828381018,0.016379834962668482
19795,0.005909272670081234,0.016317624415359555
19796,0.005871695036736235,0.01625538332007448
19797,0.005834148146905305,0.01619311145736191
19798,0.005796632221793163,0.016130808605088753
19799,0.0057591474852807245,0.016068474538402544
19800,0.005721694163982272,0.016006109029708893
19801,0.0056842724872909756,0.015943711848604214
19802,0.005646882687425081,0.01588128276182854
19803,0.005609524999474758,0.015818821533218674
19804,0.005572199661460275,0.015756327923662883
19805,0.005534906914371085,0.01569380169103063
19806,0.005497647002221995,0.015631242590145367
19807,0.00546042017211934,0.015568650372720705
19808,0.0054232266743003965,0.015506024787281691
19809,0.005386066762189112,0.015443365579135282
19810,0.005348940692469051,0.015380672490314717
19811,0.005311848725124357,0.015317945259488486
19812,0.005274791123509925,0.015255183621932678
19813,0.00523776815440713,0.015192387309450606
19814,0.005200780088091994,0.015129556050318071
19815,0.0051638271984008055,0.015066689569207203
19816,0.005126909762780851,0.015003787587117734
19817,0.005090028062380458,0.014940849821338364
19818,0.005053182382103394,0.014877875985329081
19819,0.0050163730106786986,0.014814865788681075
19820,0.004979600240741178,0.014751818937042582
19821,0.004942864368900901,0.014688735132027841
19822,0.004906165695821585,0.014625614071147486
19823,0.00486950452628887,0.014562455447726497
19824,0.004832881169310799,0.014499258950840144
19825,0.004796295938179096,0.01443602426518864
19826,0.0047597491505591005,0.014372751071054402
19827,0.004723241128582134,0.014309439044199901
19828,0.004686772198928435,0.014246087855765532
19829,0.004650342692913534,0.014182697172187564
19830,0.004613952946592059,0.014119266655111762
19831,0.004577603300844557,0.014055795961271933
19832,0.004541294101472526,0.013992284742409211
19833,0.00450502569930844,0.013928732645171804
19834,0.004468798450308786,0.013865139310991537
19835,0.004432612715664863,0.013801504375995921
19836,0.004396468861914915,0.01373782747088359
19837,0.004360367261040832,0.013674108220804837
19838,0.004324308290599044,0.013610346245273242
19839,0.0042882923338298795,0.013546541158010239
19840,0.004252319779776359,0.013482692566839316
19841,0.004216391023409094,0.013418800073559778
19842,0.004180506465755407,0.013354863273815964
19843,0.004144666514036666,0.01329088175695814
19844,0.00410887158178419,0.013226855105888391
19845,0.004073122088989023,0.013162782896960601
19846,0.004037418462251918,0.013098664699806806
19847,0.0040017611349113524,0.013034500077170996
19848,0.003966150547209946,0.012970288584792544
19849,0.003930587146435349,0.012906029771211136
19850,0.003895071387086557,0.01284172317763499
19851,0.0038596037310409947,0.012777368337752226
19852,0.0038241846477155006,0.012712964777552349
19853,0.003788814614239633,0.012648512015161928
19854,0.003753494115644962,0.012584009560661302
19855,0.0037182236450279404,0.012519456915869975
19856,0.00368300370376895,0.012454853574197067
19857,0.0036478348016929507,0.012390199020374193
19858,0.0036127174573062915,0.01232549273032324
19859,0.003577652197970349,0.012260734170863041
19860,0.003542639560138783,0.012195922799561942
19861,0.003507680089565368,0.012131058064456579
19862,0.003472774341538143,0.012066139403845155
19863,0.003437922881112554,0.012001166246026873
19864,0.0034031262833472686,0.011936138009055464
19865,0.003368385133554974,0.011871054100491385
19866,0.003333700027572828,0.011805913917132593
19867,0.003299071572009593,0.011740716844707011
19868,0.0032645003845318543,0.01167546225763183
19869,0.0032299870941424613,0.011610149518688329
19870,0.003195532341477181,0.011544777978731546
19871,0.0031611367791083422,0.011479346976363214
19872,0.003126801071844487,0.011413855837605125
19873,0.0030925258970755376,0.011348303875590826
19874,0.0030583119450947605,0.01128269039016605
19875,0.0030241599194397173,0.011217014667556757
19876,0.002990070537259415,0.01115127598000587
19877,0.0029560445296872295,0.01108547358536327
19878,0.002922082642212942,0.011019606726679454
19879,0.002888185635089635,0.010953674631815291
19880,0.0028543542837385916,0.010887676512987277
19881,0.002820589379182059,0.010821611566335765
19882,0.002786891728480567,0.010755478971444132
19883,0.0027532621551884517,0.010689277890868487
19884,0.002719701499837357,0.010623007469641732
19885,0.0026862106204146308,0.010556666834734219
19886,0.0026527903928900143,0.010490255094548151
19887,0.002619441711732451,0.010423771338319954
19888,0.0025861654904646425,0.010357214635569378
19889,0.0025529626622408097,0.010290584035485995
19890,0.002519834180430225,0.010223878566284261
19891,0.002486781019242934,0.010157097234572587
19892,0.002453804174358698,0.010090239024653336
19893,0.002420904663602119,0.010023302897843367
19894,0.0023880835276455237,0.00995628779171509
19895,0.00235534183070385,0.009889192619303433
19896,0.0023226806613081408,0.00982201626837298
19897,0.002290101133080813,0.00975475760052491
19898,0.0022576043855437877,0.009687415450343573
19899,0.002225191584974029,0.009619988624503417
19900,0.0021928639252810633,0.009552475900801771
19901,0.002160622628935016,0.009484876027188172
19902,0.002128468947924844,0.009417187720713205
19903,0.0020964041647587583,0.009349409666458475
19904,0.0020644295935162704,0.009281540516413944
19905,0.00203254658094032,0.009213578888285112
19906,0.0020007565075724765,0.009145523364263108
19907,0.001969060788963861,0.009077372489749047
19908,0.0019374608769056056,0.00900912477195659
19909,0.0019059582607467984,0.00894077867854115
19910,0.0018745544687527316,0.008872332636080005
19911,0.001843251069544527,0.008803785028535294
19912,0.001812049673595717,0.008735134195594019
19913,0.0017809519347952163,0.008666378430954191
19914,0.0017499595521075495,0.008597515980540926
19915,0.0017190742712859253,0.008528545040571545
19916,0.0016882978867039933,0.008459463755599028
19917,0.0016576322432376722,0.008390270216357631
19918,0.0016270792382830912,0.00832096245761349
19919,0.0015966408238501373,0.008251538455781304
19920,0.0015663190087746859,0.008181996126492619
19921,0.0015361158610428527,0.008112333321997123
19922,0.0015060335102512479,0.008042547828433388
19923,0.0014760741501674834,0.007972637362903878
19924,0.0014462400414637644,0.007902599570476787
19925,0.0014165335145852609,0.007832432020910773
19926,0.001386956972765474,0.007762132205231809
19927,0.0013575128952296733,0.007691697532140718
19928,0.001328203840570641,0.007622047308356361
19929,0.0012990324503118211,0.00755189173408799
19930,0.001270001452696179,0.007487856008194571
19931,0.0012411136666662381,0.007407343432883962
19932,0.0012123720061112397,0.007340931213974833
19933,0.0011837794843534422,0.007276409386745231
19934,0.0011553392189084244,0.007186944651689342
19935,0.00112705443654193,0.007132288503882367
19936,0.0010989284786400155,0.007056591603770257
19937,0.0010709648069192612,0.00698948730431026
19938,0.0010431670094993573,0.006909396909225096
19939,0.001015538807378702,0.006836484766132078
19940,0.0009880840613266662,0.006764161697105919
19941,0.0009608067792287178,0.006697534487059009
19942,0.0009337111239479112,0.006620736343387668
19943,0.0009068014216999654,0.006550325489659392
19944,0.0008800821710218676,0.006474695400335739
19945,0.0008535580523727493,0.006398562735077551
19946,0.0008272339384036709,0.006328149970039165
19947,0.000801114904980027,0.006253638560484109
19948,0.0007752062430078643,0.006181861399375155
19949,0.000749513471135721,0.006093639292466202
19950,0.0007240423494074832,0.006025560101591498
19951,0.000698798893959296,0.005960238849362143
19952,0.0006737893928533412,0.005960238849362143
19953,0.0006490204231431873,0.005960238849362143
19954,0.0006244988692972742,0.005960238849362143
19955,0.0006002319431105407,0.005960238849362143
19956,0.0005762272052163286,0.005960238849362143
19957,0.0005524925883984011,0.005960238849362143
19958,0.0005290364228266453,0.005960238849362143
19959,0.0005058674634389471,0.005960238849362143
19960,0.00048299491965697605,0.005960238849362143
19961,0.0004604284876664755,0.005960238849362143
19962,0.00043817838551429844,0.005960238849362143
19963,0.00041625539128820055,0.005960238849362143
19964,0.0003946708846789271,0.005960238849362143
19965,0.0003734368922331255,0.005960238849362143
19966,0.00035256613665413106,0.005960238849362143
19967,0.0003320720904843588,0.005960238849362143
19968,0.0003119690345662063,0.005960238849362143
19969,0.0002922721216380708,0.005960238849362143
19970,0.0002729974454313,0.005960238849362143
19971,0.00025416211559603497,0.005960238849362143
19972,0.00023578433869009263,0.005960238849362143
19973,0.00021788350534823753,0.005960238849362143
19974,0.00020048028352315228,0.005960238849362143
19975,0.00018359671732970373,0.005960238849362143
19976,0.00016725633049896604,0.005960238849362143
19977,0.00015148423261990285,0.005960238849362143
19978,0.00013630722510282745,0.005960238849362143
19979,0.00012175390194313351,0.005960238849362143
19980,0.00010785473756891317,0.005960238849362143
19981,9.464214985610564e-05,0.005960238849362143
19982,8.215052013649249e-05,0.005960238849362143
19983,7.041614255154371e-05,0.005960238849362143
19984,5.947706090703164e-05,0.005960238849362143
19985,4.937272974114837e-05,0.005960238849362143
19986,4.014340405733563e-05,0.005960238849362143
19987,3.182911388188714e-05,0.005960238849362143
19988,2.446800847732966e-05,0.005960238849362143
19989,1.8093752768510996e-05,0.005960238849362143
19990,1.2731520855679967e-05,0.005960238849362143
19991,8.391972460941588e-06,0.005960238849362143
19992,5.0624938937593456e-06,0.005960238849362143
19993,2.695188718981889e-06,0.005960238849362143
19994,1.1923072573694071e-06,0.005960238849362143
19995,3.9356362802056566e-07,0.00215674565911117
19996,7.82863435189185e-08,0.0020391721635378834
19997,5.724190788036765e-09,0.0019116990366342401
19998,3.535782777674967e-11,0.0017756453106807513
19999,1.1102230246251565e-16,0.0016212831100612668
20000,0.0,0.0016212831100612668
